mandelbrot tree result 1
base 1266 box -2 0.5 0 1.2 depth 15 safety 4 m 16 strata 2 max_iter 4294967296 seed 3 first_newton 8192 center_max_iter 16384 center_first_newton 8192 center_hint_newton 0 center_max_period 256 newton_max_period 256 newton_iters 30 newton_close2 inf newton_repel2 2.0000000000000004 newton_tol 1e-10 newton_margin 9.9999999999999995e-07 prec double rows -1 leaf_stats 0 tiles 0 flip_stats 0 roulette 8388608 1 2 ks 16384 32768 65536 131072 262144 524288 1048576 2097152 4194304 8388608 16777216 33554432 67108864 134217728 268435456 536870912 1073741824 2147483648 4294967288
shard 6 32
certified 304 11876 11876 11876 11876 11876 11876 11876 11876 11876 11876 11876 11876 11876 11876 11876 11876 11876 11876 11876 1523 1523 1523 1523 1523 1523 1523 1523 1523 1523 1523 1523 1523 1523 1523 1523 1523 1523 1523 3689 3689 3689 3689 3689 3689 3689 3689 3689 3689 3689 3689 3689 3689 3689 3689 3689 3689 3689 8504 8504 8504 8504 8504 8504 8504 8504 8504 8504 8504 8504 8504 8504 8504 8504 8504 8504 8504 22172 22172 22172 22172 22172 22172 22172 22172 22172 22172 22172 22172 22172 22172 22172 22172 22172 22172 22172 47703 47703 47703 47703 47703 47703 47703 47703 47703 47703 47703 47703 47703 47703 47703 47703 47703 47703 47703 113968 113968 113968 113968 113968 113968 113968 113968 113968 113968 113968 113968 113968 113968 113968 113968 113968 113968 113968 274358 274358 274358 274358 274358 274358 274358 274358 274358 274358 274358 274358 274358 274358 274358 274358 274358 274358 274358 628100 628100 628100 628100 628100 628100 628100 628100 628100 628100 628100 628100 628100 628100 628100 628100 628100 628100 628100 1321804 1321804 1321804 1321804 1321804 1321804 1321804 1321804 1321804 1321804 1321804 1321804 1321804 1321804 1321804 1321804 1321804 1321804 1321804 2690915 2690915 2690915 2690915 2690915 2690915 2690915 2690915 2690915 2690915 2690915 2690915 2690915 2690915 2690915 2690915 2690915 2690915 2690915 5449590 5449590 5449590 5449590 5449590 5449590 5449590 5449590 5449590 5449590 5449590 5449590 5449590 5449590 5449590 5449590 5449590 5449590 5449590 10549295 10549295 10549295 10549295 10549295 10549295 10549295 10549295 10549295 10549295 10549295 10549295 10549295 10549295 10549295 10549295 10549295 10549295 10549295 20454226 20454226 20454226 20454226 20454226 20454226 20454226 20454226 20454226 20454226 20454226 20454226 20454226 20454226 20454226 20454226 20454226 20454226 20454226 41875288 41875288 41875288 41875288 41875288 41875288 41875288 41875288 41875288 41875288 41875288 41875288 41875288 41875288 41875288 41875288 41875288 41875288 41875288 91110754 91110754 91110754 91110754 91110754 91110754 91110754 91110754 91110754 91110754 91110754 91110754 91110754 91110754 91110754 91110754 91110754 91110754 91110754
exact 16 44200 6828 19532 53518 138919 426009 1332185 4031692 12718599 40108093 128579645 414786420 1358586378 4494059221 15010432516 50453792414
area 19 155731139957 573477865987 2246147056087 139239210183 531223238123 2099981417643 131244874795 511589254063 2033507872591 127368763226 502298425036 2002505021970 125485093888 497811187218 1987630961376 124567757154 495595758558 1980270240970 124120025509 494478549881 1976517335675 123900996561 493904760075 1974555563711 123793612711 493605792615 1973510779245 123740866379 493448087659 1972946188699 123714896266 493389743468 1972662566304 123702086150 493356914268 1972503445420 123695761300 493350961364 1972426041140 123692631616 493346807420 1972381781116 123691085832 493350468140 1972363610860 123690317040 493352134124 1972353721644 123689940320 493355931596 1972351648588 123689751984 493357815820 1972350549996 123689657424 493360269388 1972351488556
diff 19 16491929774 25488285816 62032381026 7994335388 11875476308 27609243336 3876111569 5583383349 12502048495 1883669338 2639803840 5708728260 917336734 1252859094 2617843530 447731645 596633757 1204285863 219028948 285064444 555461932 107383850 136509268 256390794 52746332 65397170 117867036 25970113 57261767 79669451 12810116 27746168 36860624 6324850 26054436 29447876 3129684 12750576 13855120 1545784 12428480 12741952 768792 6163136 6246208 376720 6029568 6047488 188336 3013888 3020544 94560 3025920 3027968 0 0 0
float_area 19 0 0 0 0 0 0 0 0 0 0 0 0 0 0 0 0 0 0 0 0 0 0 0 0 0 0 0 0 0 0 0 0 0 0 0 0 0 0 0 0 0 0 0 0 0 0 0 0 0 0 0 0 0 0 0 0 0
delta 19 0 0 0 0 0 0 0 0 0 0 0 0 0 0 0 0 0 0 0 0 0 0 0 0 0 0 0 0 0 0 0 0 0 0 0 0 0 0 0 0 0 0 0 0 0 0 0 0 0 0 0 0 0 0 0 0 0
alloc 0
tile_diff 0
tile_cert 0
flip_stats 0
counts 7 350684920194 563472031604 455992561930793 14168162209622736 106531710293 0 10349
secs 19766.392000370146 18205.905294486958 32258.309369637042 1727.4093940429968 18185.543814779001
