mandelbrot tree result 1
base 1266 box -2 0.5 0 1.2 depth 15 safety 4 m 16 strata 2 max_iter 4294967296 seed 3 first_newton 8192 center_max_iter 16384 center_first_newton 8192 center_hint_newton 0 center_max_period 256 newton_max_period 256 newton_iters 30 newton_close2 inf newton_repel2 2.0000000000000004 newton_tol 1e-10 newton_margin 9.9999999999999995e-07 prec double rows -1 leaf_stats 0 tiles 0 flip_stats 0 roulette 8388608 1 2 ks 16384 32768 65536 131072 262144 524288 1048576 2097152 4194304 8388608 16777216 33554432 67108864 134217728 268435456 536870912 1073741824 2147483648 4294967288
shard 19 32
certified 304 11542 11542 11542 11542 11542 11542 11542 11542 11542 11542 11542 11542 11542 11542 11542 11542 11542 11542 11542 1578 1578 1578 1578 1578 1578 1578 1578 1578 1578 1578 1578 1578 1578 1578 1578 1578 1578 1578 3429 3429 3429 3429 3429 3429 3429 3429 3429 3429 3429 3429 3429 3429 3429 3429 3429 3429 3429 7322 7322 7322 7322 7322 7322 7322 7322 7322 7322 7322 7322 7322 7322 7322 7322 7322 7322 7322 17960 17960 17960 17960 17960 17960 17960 17960 17960 17960 17960 17960 17960 17960 17960 17960 17960 17960 17960 44220 44220 44220 44220 44220 44220 44220 44220 44220 44220 44220 44220 44220 44220 44220 44220 44220 44220 44220 104685 104685 104685 104685 104685 104685 104685 104685 104685 104685 104685 104685 104685 104685 104685 104685 104685 104685 104685 259654 259654 259654 259654 259654 259654 259654 259654 259654 259654 259654 259654 259654 259654 259654 259654 259654 259654 259654 592624 592624 592624 592624 592624 592624 592624 592624 592624 592624 592624 592624 592624 592624 592624 592624 592624 592624 592624 1247032 1247032 1247032 1247032 1247032 1247032 1247032 1247032 1247032 1247032 1247032 1247032 1247032 1247032 1247032 1247032 1247032 1247032 1247032 2529572 2529572 2529572 2529572 2529572 2529572 2529572 2529572 2529572 2529572 2529572 2529572 2529572 2529572 2529572 2529572 2529572 2529572 2529572 5042058 5042058 5042058 5042058 5042058 5042058 5042058 5042058 5042058 5042058 5042058 5042058 5042058 5042058 5042058 5042058 5042058 5042058 5042058 9515263 9515263 9515263 9515263 9515263 9515263 9515263 9515263 9515263 9515263 9515263 9515263 9515263 9515263 9515263 9515263 9515263 9515263 9515263 17824367 17824367 17824367 17824367 17824367 17824367 17824367 17824367 17824367 17824367 17824367 17824367 17824367 17824367 17824367 17824367 17824367 17824367 17824367 35109211 35109211 35109211 35109211 35109211 35109211 35109211 35109211 35109211 35109211 35109211 35109211 35109211 35109211 35109211 35109211 35109211 35109211 35109211 73662637 73662637 73662637 73662637 73662637 73662637 73662637 73662637 73662637 73662637 73662637 73662637 73662637 73662637 73662637 73662637 73662637 73662637 73662637
exact 16 43001 7277 16706 49493 152402 447111 1299318 4073435 12714901 39933674 127806047 414537451 1355982885 4479058201 14932609279 50141378029
area 19 145769570419 541533704453 2126128319333 131827197801 505636435917 2001635144035 125090822846 489033591104 1945317235516 121832412078 481195717056 1919120520804 120251728245 477409110143 1906540749267 119482661408 475535392238 1900294343956 119107663755 474587678787 1897095488927 118924381138 474099593774 1895416465136 118834617629 473844573057 1894519006617 118790550443 473709579969 1894032012971 118768884603 473658843195 1893785682681 118758203557 473630228463 1893646991229 118752929829 473624635031 1893579390469 118750324781 473620936959 1893541287765 118749032653 473623922287 1893525640709 118748388725 473625296335 1893517237861 118748066773 473628542863 1893515463269 118747910485 473630108079 1893514567557 118747830933 473632174063 1893515353925
diff 19 13942372618 21658964278 53047928474 6736374955 10032758339 23413256809 3258410768 4693824200 10519129104 1580683833 2210626797 4771600981 769066837 1045856259 2174288641 374997653 496564433 993946955 183282617 236642993 455741271 89763509 113028937 209109441 44067186 54033786 95560318 21665840 47422718 64777014 10681046 22920956 29729348 5273728 21625504 24070368 2605048 10573280 11333824 1292128 10377856 10579456 643928 5160256 5215808 321952 5154304 5169152 156288 2500608 2502656 79552 2545664 2545664 0 0 0
float_area 19 0 0 0 0 0 0 0 0 0 0 0 0 0 0 0 0 0 0 0 0 0 0 0 0 0 0 0 0 0 0 0 0 0 0 0 0 0 0 0 0 0 0 0 0 0 0 0 0 0 0 0 0 0 0 0 0 0
delta 19 0 0 0 0 0 0 0 0 0 0 0 0 0 0 0 0 0 0 0 0 0 0 0 0 0 0 0 0 0 0 0 0 0 0 0 0 0 0 0 0 0 0 0 0 0 0 0 0 0 0 0 0 0 0 0 0 0
alloc 0
tile_diff 0
tile_cert 0
flip_stats 0
counts 7 345257264199 555689814754 423669479693349 13136368185013268 100151548184 0 10525
secs 18505.655435144032 17063.235539538025 29738.070324765056 1437.438359104 16851.739820256
