mandelbrot tree result 1
base 1266 box -2 0.5 0 1.2 depth 15 safety 4 m 16 strata 2 max_iter 4294967296 seed 3 first_newton 8192 center_max_iter 16384 center_first_newton 8192 center_hint_newton 0 center_max_period 256 newton_max_period 256 newton_iters 30 newton_close2 inf newton_repel2 2.0000000000000004 newton_tol 1e-10 newton_margin 9.9999999999999995e-07 prec double rows -1 leaf_stats 0 tiles 0 flip_stats 0 roulette 8388608 1 2 ks 16384 32768 65536 131072 262144 524288 1048576 2097152 4194304 8388608 16777216 33554432 67108864 134217728 268435456 536870912 1073741824 2147483648 4294967288
shard 10 32
certified 304 11763 11763 11763 11763 11763 11763 11763 11763 11763 11763 11763 11763 11763 11763 11763 11763 11763 11763 11763 1497 1497 1497 1497 1497 1497 1497 1497 1497 1497 1497 1497 1497 1497 1497 1497 1497 1497 1497 3389 3389 3389 3389 3389 3389 3389 3389 3389 3389 3389 3389 3389 3389 3389 3389 3389 3389 3389 10268 10268 10268 10268 10268 10268 10268 10268 10268 10268 10268 10268 10268 10268 10268 10268 10268 10268 10268 23096 23096 23096 23096 23096 23096 23096 23096 23096 23096 23096 23096 23096 23096 23096 23096 23096 23096 23096 56646 56646 56646 56646 56646 56646 56646 56646 56646 56646 56646 56646 56646 56646 56646 56646 56646 56646 56646 138509 138509 138509 138509 138509 138509 138509 138509 138509 138509 138509 138509 138509 138509 138509 138509 138509 138509 138509 322489 322489 322489 322489 322489 322489 322489 322489 322489 322489 322489 322489 322489 322489 322489 322489 322489 322489 322489 714488 714488 714488 714488 714488 714488 714488 714488 714488 714488 714488 714488 714488 714488 714488 714488 714488 714488 714488 1481219 1481219 1481219 1481219 1481219 1481219 1481219 1481219 1481219 1481219 1481219 1481219 1481219 1481219 1481219 1481219 1481219 1481219 1481219 2984872 2984872 2984872 2984872 2984872 2984872 2984872 2984872 2984872 2984872 2984872 2984872 2984872 2984872 2984872 2984872 2984872 2984872 2984872 5871589 5871589 5871589 5871589 5871589 5871589 5871589 5871589 5871589 5871589 5871589 5871589 5871589 5871589 5871589 5871589 5871589 5871589 5871589 11028908 11028908 11028908 11028908 11028908 11028908 11028908 11028908 11028908 11028908 11028908 11028908 11028908 11028908 11028908 11028908 11028908 11028908 11028908 20658625 20658625 20658625 20658625 20658625 20658625 20658625 20658625 20658625 20658625 20658625 20658625 20658625 20658625 20658625 20658625 20658625 20658625 20658625 40655764 40655764 40655764 40655764 40655764 40655764 40655764 40655764 40655764 40655764 40655764 40655764 40655764 40655764 40655764 40655764 40655764 40655764 40655764 85582704 85582704 85582704 85582704 85582704 85582704 85582704 85582704 85582704 85582704 85582704 85582704 85582704 85582704 85582704 85582704 85582704 85582704 85582704
exact 16 44201 6788 20281 53298 148069 437108 1298507 3879675 11716392 36885185 117472205 382248499 1259634580 4192047028 14046960604 47417504918
area 19 176731653484 657679373280 2583266100284 160222465799 615145534271 2435722180751 152222307389 595409520485 2368747016385 148338682797 586064980277 2337508548267 146449356331 581542717499 2322490492225 145529021123 579303560803 2315030804095 145080016274 578170541116 2311209481964 144860531059 577586722337 2309202298453 144753023028 577281576570 2308128949968 144700232353 577120158683 2307546816231 144674264435 577059801893 2307253466047 144661453115 577025968253 2307089338107 144655135459 577019623517 2307009932867 144652012527 577015373357 2306965098027 144650456311 577019032605 2306946605803 144649691735 577020679501 2306936731115 144649307511 577024556813 2306934656139 144649119399 577026436045 2306933563723 144649023303 577028947277 2306934574219
diff 19 16509187685 25613083799 62638220023 8000158410 11905005294 27751474944 3883624592 5592290268 12525498064 1889326466 2641098590 5696851364 920335208 1251019006 2599040904 449004849 594377251 1188874959 219485215 283219621 545108149 107508031 135278787 249984033 52790675 64692605 114297333 25967918 56874800 77687844 12811320 27549592 35894800 6317656 25945568 28993632 3122932 12694736 13673648 1556216 12502976 12781632 764576 6129024 6199168 384224 6150144 6172160 188112 3010304 3014400 96096 3075072 3075072 0 0 0
float_area 19 0 0 0 0 0 0 0 0 0 0 0 0 0 0 0 0 0 0 0 0 0 0 0 0 0 0 0 0 0 0 0 0 0 0 0 0 0 0 0 0 0 0 0 0 0 0 0 0 0 0 0 0 0 0 0 0 0
delta 19 0 0 0 0 0 0 0 0 0 0 0 0 0 0 0 0 0 0 0 0 0 0 0 0 0 0 0 0 0 0 0 0 0 0 0 0 0 0 0 0 0 0 0 0 0 0 0 0 0 0 0 0 0 0 0 0 0
alloc 0
tile_diff 0
tile_cert 0
flip_stats 0
counts 7 349930292410 556534182784 498944144854039 15377009728371138 121670392624 0 10157
secs 21781.084369737942 20391.908487469031 34249.914200395062 1538.0466179339946 19452.210029718
