mandelbrot tree result 1
base 1266 box -2 0.5 0 1.2 depth 15 safety 4 m 16 strata 2 max_iter 4294967296 seed 3 first_newton 8192 center_max_iter 16384 center_first_newton 8192 center_hint_newton 0 center_max_period 256 newton_max_period 256 newton_iters 30 newton_close2 inf newton_repel2 2.0000000000000004 newton_tol 1e-10 newton_margin 9.9999999999999995e-07 prec double rows -1 leaf_stats 0 tiles 0 flip_stats 0 roulette 8388608 1 2 ks 16384 32768 65536 131072 262144 524288 1048576 2097152 4194304 8388608 16777216 33554432 67108864 134217728 268435456 536870912 1073741824 2147483648 4294967288
shard 21 32
certified 304 11499 11499 11499 11499 11499 11499 11499 11499 11499 11499 11499 11499 11499 11499 11499 11499 11499 11499 11499 1542 1542 1542 1542 1542 1542 1542 1542 1542 1542 1542 1542 1542 1542 1542 1542 1542 1542 1542 3488 3488 3488 3488 3488 3488 3488 3488 3488 3488 3488 3488 3488 3488 3488 3488 3488 3488 3488 8140 8140 8140 8140 8140 8140 8140 8140 8140 8140 8140 8140 8140 8140 8140 8140 8140 8140 8140 19854 19854 19854 19854 19854 19854 19854 19854 19854 19854 19854 19854 19854 19854 19854 19854 19854 19854 19854 44927 44927 44927 44927 44927 44927 44927 44927 44927 44927 44927 44927 44927 44927 44927 44927 44927 44927 44927 106677 106677 106677 106677 106677 106677 106677 106677 106677 106677 106677 106677 106677 106677 106677 106677 106677 106677 106677 261461 261461 261461 261461 261461 261461 261461 261461 261461 261461 261461 261461 261461 261461 261461 261461 261461 261461 261461 592913 592913 592913 592913 592913 592913 592913 592913 592913 592913 592913 592913 592913 592913 592913 592913 592913 592913 592913 1255977 1255977 1255977 1255977 1255977 1255977 1255977 1255977 1255977 1255977 1255977 1255977 1255977 1255977 1255977 1255977 1255977 1255977 1255977 2557724 2557724 2557724 2557724 2557724 2557724 2557724 2557724 2557724 2557724 2557724 2557724 2557724 2557724 2557724 2557724 2557724 2557724 2557724 5066067 5066067 5066067 5066067 5066067 5066067 5066067 5066067 5066067 5066067 5066067 5066067 5066067 5066067 5066067 5066067 5066067 5066067 5066067 9636061 9636061 9636061 9636061 9636061 9636061 9636061 9636061 9636061 9636061 9636061 9636061 9636061 9636061 9636061 9636061 9636061 9636061 9636061 18103197 18103197 18103197 18103197 18103197 18103197 18103197 18103197 18103197 18103197 18103197 18103197 18103197 18103197 18103197 18103197 18103197 18103197 18103197 35487865 35487865 35487865 35487865 35487865 35487865 35487865 35487865 35487865 35487865 35487865 35487865 35487865 35487865 35487865 35487865 35487865 35487865 35487865 73536257 73536257 73536257 73536257 73536257 73536257 73536257 73536257 73536257 73536257 73536257 73536257 73536257 73536257 73536257 73536257 73536257 73536257 73536257
exact 16 43081 6951 16954 53141 146916 433309 1310988 3911813 12221258 38530458 124163351 403165084 1322935359 4383466151 14623269311 49145746266
area 19 143793153344 533928396690 2095977590202 129964043768 498298706032 1972387145204 123264449547 481754701613 1916220714383 120011169057 473921188101 1890025584269 118429501364 470131163108 1877432044968 117658962969 468254291161 1871175394293 117282957644 467304808618 1867971467488 117099090569 466815641547 1866289507837 117009020683 466560179865 1865390889783 116964785831 466424950739 1864903317925 116943024327 466374229877 1864656930135 116932303931 466345656201 1864518476175 116927006221 466340142873 1864451025783 116924388005 466336460257 1864412907415 116923092317 466339471073 1864397370791 116922449805 466340848529 1864389006103 116922122301 466344154321 1864387236023 116921962477 466345756945 1864386291703 116921882477 466347840337 1864387124727
diff 19 13829109576 21455389238 52468066658 6699594221 9978882273 23286092617 3253280490 4687713074 10506936354 1581667693 2212996491 4778638319 770538395 1048752327 2182464087 376005325 498537475 999442687 183867075 237742347 458968623 90069886 113614424 210762810 44234852 54344464 96446914 21761504 47703786 65340942 10720396 23037776 29988864 5297710 21742772 24249940 2618216 10632416 11412672 1295688 10403520 10622144 642512 5149568 5204352 327504 5240064 5255424 159824 2557696 2560256 80000 2560000 2560000 0 0 0
float_area 19 0 0 0 0 0 0 0 0 0 0 0 0 0 0 0 0 0 0 0 0 0 0 0 0 0 0 0 0 0 0 0 0 0 0 0 0 0 0 0 0 0 0 0 0 0 0 0 0 0 0 0 0 0 0 0 0 0
delta 19 0 0 0 0 0 0 0 0 0 0 0 0 0 0 0 0 0 0 0 0 0 0 0 0 0 0 0 0 0 0 0 0 0 0 0 0 0 0 0 0 0 0 0 0 0 0 0 0 0 0 0 0 0 0 0 0 0
alloc 0
tile_diff 0
tile_cert 0
flip_stats 0
counts 7 340391203706 547267482338 418494228974099 12832308527654444 101467004770 0 10470
secs 18453.316152983061 16952.897931923013 29360.337995823036 1237.0750908739983 16610.026732915001
