mandelbrot tree result 1
base 1266 box -2 0.5 0 1.2 depth 15 safety 4 m 16 strata 2 max_iter 4294967296 seed 3 first_newton 8192 center_max_iter 16384 center_first_newton 8192 center_hint_newton 0 center_max_period 256 newton_max_period 256 newton_iters 30 newton_close2 inf newton_repel2 2.0000000000000004 newton_tol 1e-10 newton_margin 9.9999999999999995e-07 prec double rows -1 leaf_stats 0 tiles 0 flip_stats 0 roulette 8388608 1 2 ks 16384 32768 65536 131072 262144 524288 1048576 2097152 4194304 8388608 16777216 33554432 67108864 134217728 268435456 536870912 1073741824 2147483648 4294967288
shard 12 32
certified 304 11719 11719 11719 11719 11719 11719 11719 11719 11719 11719 11719 11719 11719 11719 11719 11719 11719 11719 11719 1463 1463 1463 1463 1463 1463 1463 1463 1463 1463 1463 1463 1463 1463 1463 1463 1463 1463 1463 3451 3451 3451 3451 3451 3451 3451 3451 3451 3451 3451 3451 3451 3451 3451 3451 3451 3451 3451 8636 8636 8636 8636 8636 8636 8636 8636 8636 8636 8636 8636 8636 8636 8636 8636 8636 8636 8636 22579 22579 22579 22579 22579 22579 22579 22579 22579 22579 22579 22579 22579 22579 22579 22579 22579 22579 22579 56417 56417 56417 56417 56417 56417 56417 56417 56417 56417 56417 56417 56417 56417 56417 56417 56417 56417 56417 136678 136678 136678 136678 136678 136678 136678 136678 136678 136678 136678 136678 136678 136678 136678 136678 136678 136678 136678 328824 328824 328824 328824 328824 328824 328824 328824 328824 328824 328824 328824 328824 328824 328824 328824 328824 328824 328824 738557 738557 738557 738557 738557 738557 738557 738557 738557 738557 738557 738557 738557 738557 738557 738557 738557 738557 738557 1545864 1545864 1545864 1545864 1545864 1545864 1545864 1545864 1545864 1545864 1545864 1545864 1545864 1545864 1545864 1545864 1545864 1545864 1545864 3086902 3086902 3086902 3086902 3086902 3086902 3086902 3086902 3086902 3086902 3086902 3086902 3086902 3086902 3086902 3086902 3086902 3086902 3086902 6066891 6066891 6066891 6066891 6066891 6066891 6066891 6066891 6066891 6066891 6066891 6066891 6066891 6066891 6066891 6066891 6066891 6066891 6066891 11387106 11387106 11387106 11387106 11387106 11387106 11387106 11387106 11387106 11387106 11387106 11387106 11387106 11387106 11387106 11387106 11387106 11387106 11387106 21324778 21324778 21324778 21324778 21324778 21324778 21324778 21324778 21324778 21324778 21324778 21324778 21324778 21324778 21324778 21324778 21324778 21324778 21324778 41902949 41902949 41902949 41902949 41902949 41902949 41902949 41902949 41902949 41902949 41902949 41902949 41902949 41902949 41902949 41902949 41902949 41902949 41902949 87913926 87913926 87913926 87913926 87913926 87913926 87913926 87913926 87913926 87913926 87913926 87913926 87913926 87913926 87913926 87913926 87913926 87913926 87913926
exact 16 44221 6859 19878 51397 146706 424078 1305773 3944761 12063403 37868115 121094434 393261170 1295583072 4311458817 14476784213 48951495014
area 19 176910820438 657275054526 2580666680482 160056278123 613760393873 2429522485317 151871281568 593567515272 2360972680738 147887988314 584010589044 2329058960604 145947783083 579391449361 2313755768409 145002179527 577107956391 2306174149209 144540805375 575954268565 2302298660431 144315214766 575360465442 2300266301382 144204669380 575050382422 2299180399396 144150375302 574886501542 2298591997454 144123652502 574825539234 2298295774162 144110486408 574791280638 2298129689698 144103984110 574784913026 2298048851130 144100764722 574780543842 2298002841994 144099168178 574784284418 2297983911946 144098375346 574786008194 2297973706986 144097983218 574789960418 2297971578378 144097791218 574791886850 2297970466026 144097694578 574794391234 2297971446122
diff 19 16854542315 26240069773 64451963037 8184996555 12200595875 28514836087 3983293254 5732158410 12836830442 1940205231 2704540535 5815406093 945603556 1279321794 2641736092 461374152 607032682 1203637940 225590609 289152401 550594925 110545386 138188574 252426230 54294078 66135176 115506134 26722800 58372984 79178288 13166094 28252940 36561140 6502298 26682084 29713316 3219388 13080464 14070640 1596544 12825216 13109888 792832 6355840 6429312 392128 6278144 6298112 192000 3072000 3076608 96640 3092480 3092480 0 0 0
float_area 19 0 0 0 0 0 0 0 0 0 0 0 0 0 0 0 0 0 0 0 0 0 0 0 0 0 0 0 0 0 0 0 0 0 0 0 0 0 0 0 0 0 0 0 0 0 0 0 0 0 0 0 0 0 0 0 0 0
delta 19 0 0 0 0 0 0 0 0 0 0 0 0 0 0 0 0 0 0 0 0 0 0 0 0 0 0 0 0 0 0 0 0 0 0 0 0 0 0 0 0 0 0 0 0 0 0 0 0 0 0 0 0 0 0 0 0 0
alloc 0
tile_diff 0
tile_cert 0
flip_stats 0
counts 7 357839973174 569927349900 501631666301196 15705283465717589 122603822816 0 10518
secs 21513.742153296003 20155.933313151945 36039.191724827921 1831.005708452014 20026.867089054998
