mandelbrot tree result 1
base 1266 box -2 0.5 0 1.2 depth 15 safety 4 m 16 strata 2 max_iter 4294967296 seed 3 first_newton 8192 center_max_iter 16384 center_first_newton 8192 center_hint_newton 0 center_max_period 256 newton_max_period 256 newton_iters 30 newton_close2 inf newton_repel2 2.0000000000000004 newton_tol 1e-10 newton_margin 9.9999999999999995e-07 prec double rows -1 leaf_stats 0 tiles 0 flip_stats 0 roulette 8388608 1 2 ks 16384 32768 65536 131072 262144 524288 1048576 2097152 4194304 8388608 16777216 33554432 67108864 134217728 268435456 536870912 1073741824 2147483648 4294967288
shard 30 32
certified 304 11299 11299 11299 11299 11299 11299 11299 11299 11299 11299 11299 11299 11299 11299 11299 11299 11299 11299 11299 1489 1489 1489 1489 1489 1489 1489 1489 1489 1489 1489 1489 1489 1489 1489 1489 1489 1489 1489 3333 3333 3333 3333 3333 3333 3333 3333 3333 3333 3333 3333 3333 3333 3333 3333 3333 3333 3333 8055 8055 8055 8055 8055 8055 8055 8055 8055 8055 8055 8055 8055 8055 8055 8055 8055 8055 8055 19704 19704 19704 19704 19704 19704 19704 19704 19704 19704 19704 19704 19704 19704 19704 19704 19704 19704 19704 46878 46878 46878 46878 46878 46878 46878 46878 46878 46878 46878 46878 46878 46878 46878 46878 46878 46878 46878 113442 113442 113442 113442 113442 113442 113442 113442 113442 113442 113442 113442 113442 113442 113442 113442 113442 113442 113442 285801 285801 285801 285801 285801 285801 285801 285801 285801 285801 285801 285801 285801 285801 285801 285801 285801 285801 285801 655064 655064 655064 655064 655064 655064 655064 655064 655064 655064 655064 655064 655064 655064 655064 655064 655064 655064 655064 1354319 1354319 1354319 1354319 1354319 1354319 1354319 1354319 1354319 1354319 1354319 1354319 1354319 1354319 1354319 1354319 1354319 1354319 1354319 2755072 2755072 2755072 2755072 2755072 2755072 2755072 2755072 2755072 2755072 2755072 2755072 2755072 2755072 2755072 2755072 2755072 2755072 2755072 5523035 5523035 5523035 5523035 5523035 5523035 5523035 5523035 5523035 5523035 5523035 5523035 5523035 5523035 5523035 5523035 5523035 5523035 5523035 10653703 10653703 10653703 10653703 10653703 10653703 10653703 10653703 10653703 10653703 10653703 10653703 10653703 10653703 10653703 10653703 10653703 10653703 10653703 20590324 20590324 20590324 20590324 20590324 20590324 20590324 20590324 20590324 20590324 20590324 20590324 20590324 20590324 20590324 20590324 20590324 20590324 20590324 42137704 42137704 42137704 42137704 42137704 42137704 42137704 42137704 42137704 42137704 42137704 42137704 42137704 42137704 42137704 42137704 42137704 42137704 42137704 92664418 92664418 92664418 92664418 92664418 92664418 92664418 92664418 92664418 92664418 92664418 92664418 92664418 92664418 92664418 92664418 92664418 92664418 92664418
exact 16 43207 6810 18495 48664 139668 379626 1238681 3862066 11888016 37838343 121541135 395013474 1300839048 4317041910 14427228226 48548266706
area 19 160450267060 596631255068 2342996412562 145304576166 557562831306 2207407405250 137947923025 539402874943 2145767692889 134375447786 530803479650 2117015059050 132638938218 526644020742 2103196168538 131793498393 524585597045 2096335346763 131381050247 523544512585 2092822836549 131179437631 523008466945 2090979860111 131080674218 522728409826 2089994824500 131032175286 522580269532 2089460765578 131008315722 522524857458 2089191463504 130996546532 522493672294 2089040277796 130990739792 522487764318 2088967047380 130987863880 522483767774 2088925480396 130986439720 522487082846 2088908451916 130985732880 522488607854 2088899319404 130985386912 522492090382 2088897398988 130985213216 522493831310 2088896397580 130985127488 522496062222 2088897260300
diff 19 15145690894 23495621988 57446275678 7356653141 10951363769 25535557525 3572475239 5147923007 11538440335 1736509568 2430826676 5251951000 845439825 1151523715 2398607213 412448146 547352978 1098818648 201612616 260945896 504510048 98763413 124686761 231674243 48498932 59647912 106053596 23859564 52349992 71872508 11769190 25340788 33135372 5806740 23844784 26666512 2875912 11690080 12601856 1424160 11441280 11697792 706840 5666496 5736128 345968 5537536 5553920 173696 2780160 2782720 85728 2743296 2747392 0 0 0
float_area 19 0 0 0 0 0 0 0 0 0 0 0 0 0 0 0 0 0 0 0 0 0 0 0 0 0 0 0 0 0 0 0 0 0 0 0 0 0 0 0 0 0 0 0 0 0 0 0 0 0 0 0 0 0 0 0 0 0
delta 19 0 0 0 0 0 0 0 0 0 0 0 0 0 0 0 0 0 0 0 0 0 0 0 0 0 0 0 0 0 0 0 0 0 0 0 0 0 0 0 0 0 0 0 0 0 0 0 0 0 0 0 0 0 0 0 0 0
alloc 0
tile_diff 0
tile_cert 0
flip_stats 0
counts 7 340477353158 546190313186 452316295919727 14009220264535421 110066197290 0 10383
secs 19600.40747493794 17450.549365751933 32180.087488887995 2050.9835699630034 18227.884085796999
