mandelbrot tree result 1
base 1266 box -2 0.5 0 1.2 depth 15 safety 4 m 16 strata 2 max_iter 4294967296 seed 3 first_newton 8192 center_max_iter 16384 center_first_newton 8192 center_hint_newton 0 center_max_period 256 newton_max_period 256 newton_iters 30 newton_close2 inf newton_repel2 2.0000000000000004 newton_tol 1e-10 newton_margin 9.9999999999999995e-07 prec double rows -1 leaf_stats 0 tiles 0 flip_stats 0 roulette 8388608 1 2 ks 16384 32768 65536 131072 262144 524288 1048576 2097152 4194304 8388608 16777216 33554432 67108864 134217728 268435456 536870912 1073741824 2147483648 4294967288
shard 18 32
certified 304 11570 11570 11570 11570 11570 11570 11570 11570 11570 11570 11570 11570 11570 11570 11570 11570 11570 11570 11570 1549 1549 1549 1549 1549 1549 1549 1549 1549 1549 1549 1549 1549 1549 1549 1549 1549 1549 1549 3459 3459 3459 3459 3459 3459 3459 3459 3459 3459 3459 3459 3459 3459 3459 3459 3459 3459 3459 7795 7795 7795 7795 7795 7795 7795 7795 7795 7795 7795 7795 7795 7795 7795 7795 7795 7795 7795 17200 17200 17200 17200 17200 17200 17200 17200 17200 17200 17200 17200 17200 17200 17200 17200 17200 17200 17200 45365 45365 45365 45365 45365 45365 45365 45365 45365 45365 45365 45365 45365 45365 45365 45365 45365 45365 45365 109519 109519 109519 109519 109519 109519 109519 109519 109519 109519 109519 109519 109519 109519 109519 109519 109519 109519 109519 263544 263544 263544 263544 263544 263544 263544 263544 263544 263544 263544 263544 263544 263544 263544 263544 263544 263544 263544 590345 590345 590345 590345 590345 590345 590345 590345 590345 590345 590345 590345 590345 590345 590345 590345 590345 590345 590345 1225698 1225698 1225698 1225698 1225698 1225698 1225698 1225698 1225698 1225698 1225698 1225698 1225698 1225698 1225698 1225698 1225698 1225698 1225698 2466256 2466256 2466256 2466256 2466256 2466256 2466256 2466256 2466256 2466256 2466256 2466256 2466256 2466256 2466256 2466256 2466256 2466256 2466256 4929595 4929595 4929595 4929595 4929595 4929595 4929595 4929595 4929595 4929595 4929595 4929595 4929595 4929595 4929595 4929595 4929595 4929595 4929595 9530615 9530615 9530615 9530615 9530615 9530615 9530615 9530615 9530615 9530615 9530615 9530615 9530615 9530615 9530615 9530615 9530615 9530615 9530615 18145090 18145090 18145090 18145090 18145090 18145090 18145090 18145090 18145090 18145090 18145090 18145090 18145090 18145090 18145090 18145090 18145090 18145090 18145090 36100839 36100839 36100839 36100839 36100839 36100839 36100839 36100839 36100839 36100839 36100839 36100839 36100839 36100839 36100839 36100839 36100839 36100839 36100839 76350511 76350511 76350511 76350511 76350511 76350511 76350511 76350511 76350511 76350511 76350511 76350511 76350511 76350511 76350511 76350511 76350511 76350511 76350511
exact 16 42997 7274 16881 48408 153036 435253 1333812 4110145 12804445 40026920 127367060 413437623 1359042461 4514178435 15109087993 50839743581
area 19 141654841142 526909774932 2069403458244 128345940587 492475355135 1949732744451 121854700216 476400403746 1895082857474 118688133191 468764058647 1869525817493 117144555525 465064783581 1857231895789 116391778393 463232966335 1851127570063 116024322390 462306498596 1848003246204 115844620471 461829334645 1846363809829 115756586794 461580160878 1845487926822 115713357126 461448263548 1845012758762 115692094867 461398791999 1844772537409 115681618739 461370872851 1844637290233 115676446351 461365469339 1844571353689 115673885891 461361852987 1844534030945 115672614491 461364797339 1844518731825 115671984963 461366151387 1844510554145 115671672931 461369287067 1844508827905 115671519859 461370826139 1844507945729 115671444339 461372793563 1844508702337
diff 19 13308900555 20668715579 50599298929 6491240371 9678435553 22612918235 3166567025 4567239859 10250525319 1543577666 2160962430 4670417994 752777132 1024635758 2132726570 367456003 487021315 976011317 179701919 232239761 447938961 88033677 110965637 205641657 43229668 53083920 94086244 21262259 46568203 63728647 10476128 22501952 29278664 5172388 21219088 23628976 2560460 10397200 11162352 1271400 10208832 10417984 629528 5044288 5100736 312032 4993024 5006336 153072 2449152 2451200 75520 2416640 2416640 0 0 0
float_area 19 0 0 0 0 0 0 0 0 0 0 0 0 0 0 0 0 0 0 0 0 0 0 0 0 0 0 0 0 0 0 0 0 0 0 0 0 0 0 0 0 0 0 0 0 0 0 0 0 0 0 0 0 0 0 0 0 0
delta 19 0 0 0 0 0 0 0 0 0 0 0 0 0 0 0 0 0 0 0 0 0 0 0 0 0 0 0 0 0 0 0 0 0 0 0 0 0 0 0 0 0 0 0 0 0 0 0 0 0 0 0 0 0 0 0 0 0
alloc 0
tile_diff 0
tile_cert 0
flip_stats 0
counts 7 351863406927 565713641210 419154835216829 12753106558994391 97054389249 0 10573
secs 18041.404317453929 16659.682067829981 29567.541037281924 1313.6317544519952 16564.293988734
