mandelbrot tree result 1
base 1266 box -2 0.5 0 1.2 depth 15 safety 4 m 16 strata 2 max_iter 4294967296 seed 3 first_newton 8192 center_max_iter 16384 center_first_newton 8192 center_hint_newton 0 center_max_period 256 newton_max_period 256 newton_iters 30 newton_close2 inf newton_repel2 2.0000000000000004 newton_tol 1e-10 newton_margin 9.9999999999999995e-07 prec double rows -1 leaf_stats 0 tiles 0 flip_stats 0 roulette 8388608 1 2 ks 16384 32768 65536 131072 262144 524288 1048576 2097152 4194304 8388608 16777216 33554432 67108864 134217728 268435456 536870912 1073741824 2147483648 4294967288
shard 5 32
certified 304 11894 11894 11894 11894 11894 11894 11894 11894 11894 11894 11894 11894 11894 11894 11894 11894 11894 11894 11894 1554 1554 1554 1554 1554 1554 1554 1554 1554 1554 1554 1554 1554 1554 1554 1554 1554 1554 1554 3646 3646 3646 3646 3646 3646 3646 3646 3646 3646 3646 3646 3646 3646 3646 3646 3646 3646 3646 9694 9694 9694 9694 9694 9694 9694 9694 9694 9694 9694 9694 9694 9694 9694 9694 9694 9694 9694 21387 21387 21387 21387 21387 21387 21387 21387 21387 21387 21387 21387 21387 21387 21387 21387 21387 21387 21387 47467 47467 47467 47467 47467 47467 47467 47467 47467 47467 47467 47467 47467 47467 47467 47467 47467 47467 47467 107158 107158 107158 107158 107158 107158 107158 107158 107158 107158 107158 107158 107158 107158 107158 107158 107158 107158 107158 261121 261121 261121 261121 261121 261121 261121 261121 261121 261121 261121 261121 261121 261121 261121 261121 261121 261121 261121 590244 590244 590244 590244 590244 590244 590244 590244 590244 590244 590244 590244 590244 590244 590244 590244 590244 590244 590244 1254348 1254348 1254348 1254348 1254348 1254348 1254348 1254348 1254348 1254348 1254348 1254348 1254348 1254348 1254348 1254348 1254348 1254348 1254348 2564872 2564872 2564872 2564872 2564872 2564872 2564872 2564872 2564872 2564872 2564872 2564872 2564872 2564872 2564872 2564872 2564872 2564872 2564872 5193789 5193789 5193789 5193789 5193789 5193789 5193789 5193789 5193789 5193789 5193789 5193789 5193789 5193789 5193789 5193789 5193789 5193789 5193789 10054266 10054266 10054266 10054266 10054266 10054266 10054266 10054266 10054266 10054266 10054266 10054266 10054266 10054266 10054266 10054266 10054266 10054266 10054266 19409011 19409011 19409011 19409011 19409011 19409011 19409011 19409011 19409011 19409011 19409011 19409011 19409011 19409011 19409011 19409011 19409011 19409011 19409011 39171641 39171641 39171641 39171641 39171641 39171641 39171641 39171641 39171641 39171641 39171641 39171641 39171641 39171641 39171641 39171641 39171641 39171641 39171641 83670059 83670059 83670059 83670059 83670059 83670059 83670059 83670059 83670059 83670059 83670059 83670059 83670059 83670059 83670059 83670059 83670059 83670059 83670059
exact 16 44181 6858 19019 55561 146937 440886 1305264 3954595 12255767 39360323 126266879 410634769 1346798640 4453977306 14859082316 49884192758
area 19 143686606166 528659752266 2070151311466 128315875795 489303290641 1934038291171 120882938890 471048549682 1872228882552 117280314845 462415892451 1843425071709 115529428888 458246934730 1829609503708 114676585190 456188733250 1822773585928 114260282398 455150685900 1819287934798 114056588670 454617544574 1817465729924 113956716694 454339781008 1816495376520 113907630101 454193223253 1815970909825 113883484704 454139118444 1815707872966 113871559110 454108612932 1815560004426 113865669952 454103066888 1815488014098 113862759576 454099214544 1815446877554 113861319008 454102614192 1815429928050 113860606952 454104144320 1815420732866 113860249864 454107746752 1815418781506 113860074392 454109497376 1815417720002 113859988600 454111731104 1815418582786
diff 19 15370730371 23768487995 57892571191 7432936905 11046081229 25698939775 3602624045 5187583249 11613377641 1750885957 2451832377 5297309093 852843698 1163425806 2427365988 416302792 554074616 1116380520 203693728 264743740 514904768 99871976 126803766 237673248 49086593 60802207 109396245 24145397 53219419 73954195 11925594 25805692 34237692 5889158 24246196 27379652 2910376 11848640 12865280 1440568 11581760 11857472 712056 5708352 5784000 357088 5716480 5730816 175472 2808064 2811136 85792 2745344 2745344 0 0 0
float_area 19 0 0 0 0 0 0 0 0 0 0 0 0 0 0 0 0 0 0 0 0 0 0 0 0 0 0 0 0 0 0 0 0 0 0 0 0 0 0 0 0 0 0 0 0 0 0 0 0 0 0 0 0 0 0 0 0 0
delta 19 0 0 0 0 0 0 0 0 0 0 0 0 0 0 0 0 0 0 0 0 0 0 0 0 0 0 0 0 0 0 0 0 0 0 0 0 0 0 0 0 0 0 0 0 0 0 0 0 0 0 0 0 0 0 0 0 0
alloc 0
tile_diff 0
tile_cert 0
flip_stats 0
counts 7 342711885882 551800553708 429619089626349 13280141955549783 101987836118 0 10120
secs 18307.803166909034 16233.750780114002 30621.478040196089 1485.4388490589961 17091.227977163999
