mandelbrot tree result 1
base 1266 box -2 0.5 0 1.2 depth 15 safety 4 m 16 strata 2 max_iter 4294967296 seed 3 first_newton 8192 center_max_iter 16384 center_first_newton 8192 center_hint_newton 0 center_max_period 256 newton_max_period 256 newton_iters 30 newton_close2 inf newton_repel2 2.0000000000000004 newton_tol 1e-10 newton_margin 9.9999999999999995e-07 prec double rows -1 leaf_stats 0 tiles 0 flip_stats 0 roulette 8388608 1 2 ks 16384 32768 65536 131072 262144 524288 1048576 2097152 4194304 8388608 16777216 33554432 67108864 134217728 268435456 536870912 1073741824 2147483648 4294967288
shard 16 32
certified 304 11622 11622 11622 11622 11622 11622 11622 11622 11622 11622 11622 11622 11622 11622 11622 11622 11622 11622 11622 1492 1492 1492 1492 1492 1492 1492 1492 1492 1492 1492 1492 1492 1492 1492 1492 1492 1492 1492 3703 3703 3703 3703 3703 3703 3703 3703 3703 3703 3703 3703 3703 3703 3703 3703 3703 3703 3703 7819 7819 7819 7819 7819 7819 7819 7819 7819 7819 7819 7819 7819 7819 7819 7819 7819 7819 7819 20066 20066 20066 20066 20066 20066 20066 20066 20066 20066 20066 20066 20066 20066 20066 20066 20066 20066 20066 45114 45114 45114 45114 45114 45114 45114 45114 45114 45114 45114 45114 45114 45114 45114 45114 45114 45114 45114 114056 114056 114056 114056 114056 114056 114056 114056 114056 114056 114056 114056 114056 114056 114056 114056 114056 114056 114056 266478 266478 266478 266478 266478 266478 266478 266478 266478 266478 266478 266478 266478 266478 266478 266478 266478 266478 266478 605686 605686 605686 605686 605686 605686 605686 605686 605686 605686 605686 605686 605686 605686 605686 605686 605686 605686 605686 1256966 1256966 1256966 1256966 1256966 1256966 1256966 1256966 1256966 1256966 1256966 1256966 1256966 1256966 1256966 1256966 1256966 1256966 1256966 2538974 2538974 2538974 2538974 2538974 2538974 2538974 2538974 2538974 2538974 2538974 2538974 2538974 2538974 2538974 2538974 2538974 2538974 2538974 5086903 5086903 5086903 5086903 5086903 5086903 5086903 5086903 5086903 5086903 5086903 5086903 5086903 5086903 5086903 5086903 5086903 5086903 5086903 9796920 9796920 9796920 9796920 9796920 9796920 9796920 9796920 9796920 9796920 9796920 9796920 9796920 9796920 9796920 9796920 9796920 9796920 9796920 18657470 18657470 18657470 18657470 18657470 18657470 18657470 18657470 18657470 18657470 18657470 18657470 18657470 18657470 18657470 18657470 18657470 18657470 18657470 36995139 36995139 36995139 36995139 36995139 36995139 36995139 36995139 36995139 36995139 36995139 36995139 36995139 36995139 36995139 36995139 36995139 36995139 36995139 77812226 77812226 77812226 77812226 77812226 77812226 77812226 77812226 77812226 77812226 77812226 77812226 77812226 77812226 77812226 77812226 77812226 77812226 77812226
exact 16 44245 7211 18170 46832 147045 442616 1315649 4040563 12614744 39986260 128534972 419481208 1380153727 4573307628 15279844222 51386327159
area 19 140320895027 521844896649 2049384393475 127105409497 487648594821 1930550616261 120653484379 471689930341 1876333715365 117512786753 464116034991 1850988103217 115983723233 460447373733 1838790240605 115238544989 458630588049 1832731143663 114874964653 457711558987 1829628516891 114697184783 457238061551 1827999727271 114610078613 456990514905 1827128481267 114567305788 456859438106 1826655558744 114546266914 456810198676 1826416398836 114535896174 456782450420 1826281935788 114530764856 456777070480 1826216394808 114528231756 456773507872 1826179508392 114526983228 456776399840 1826164522824 114526358108 456777749824 1826156437752 114526048412 456780876768 1826154760952 114525890428 456782457088 1826153842136 114525812636 456784473664 1826154619224
diff 19 13215485530 20521232032 50222062152 6451925118 9612113114 22434028074 3140697626 4528829690 10160129784 1529063520 2141695746 4631123436 745178244 1015215500 2115714612 363580336 482346924 968080270 177779870 229933546 444145754 87106170 109850764 203785290 42772825 52500683 93065499 21038874 46076770 63024934 10370740 22277552 28957512 5131318 21060148 23469236 2533100 10289744 11047184 1248528 10025216 10236288 625120 5010432 5060736 309696 4957696 4972544 157984 2527744 2531840 77792 2489344 2491392 0 0 0
float_area 19 0 0 0 0 0 0 0 0 0 0 0 0 0 0 0 0 0 0 0 0 0 0 0 0 0 0 0 0 0 0 0 0 0 0 0 0 0 0 0 0 0 0 0 0 0 0 0 0 0 0 0 0 0 0 0 0 0
delta 19 0 0 0 0 0 0 0 0 0 0 0 0 0 0 0 0 0 0 0 0 0 0 0 0 0 0 0 0 0 0 0 0 0 0 0 0 0 0 0 0 0 0 0 0 0 0 0 0 0 0 0 0 0 0 0 0 0
alloc 0
tile_diff 0
tile_cert 0
flip_stats 0
counts 7 351773326097 566666167584 412405214686260 12538365065487128 96035896415 0 10473
secs 17741.889766875993 16526.349033553975 29494.55774118011 1321.4730650540037 16467.003893536999
