mandelbrot tree result 1
base 1266 box -2 0.5 0 1.2 depth 15 safety 4 m 16 strata 2 max_iter 4294967296 seed 3 first_newton 8192 center_max_iter 16384 center_first_newton 8192 center_hint_newton 0 center_max_period 256 newton_max_period 256 newton_iters 30 newton_close2 inf newton_repel2 2.0000000000000004 newton_tol 1e-10 newton_margin 9.9999999999999995e-07 prec double rows -1 leaf_stats 0 tiles 0 flip_stats 0 roulette 8388608 1 2 ks 16384 32768 65536 131072 262144 524288 1048576 2097152 4194304 8388608 16777216 33554432 67108864 134217728 268435456 536870912 1073741824 2147483648 4294967288
shard 1 32
certified 304 12021 12021 12021 12021 12021 12021 12021 12021 12021 12021 12021 12021 12021 12021 12021 12021 12021 12021 12021 1569 1569 1569 1569 1569 1569 1569 1569 1569 1569 1569 1569 1569 1569 1569 1569 1569 1569 1569 3454 3454 3454 3454 3454 3454 3454 3454 3454 3454 3454 3454 3454 3454 3454 3454 3454 3454 3454 8250 8250 8250 8250 8250 8250 8250 8250 8250 8250 8250 8250 8250 8250 8250 8250 8250 8250 8250 21052 21052 21052 21052 21052 21052 21052 21052 21052 21052 21052 21052 21052 21052 21052 21052 21052 21052 21052 50750 50750 50750 50750 50750 50750 50750 50750 50750 50750 50750 50750 50750 50750 50750 50750 50750 50750 50750 122509 122509 122509 122509 122509 122509 122509 122509 122509 122509 122509 122509 122509 122509 122509 122509 122509 122509 122509 283979 283979 283979 283979 283979 283979 283979 283979 283979 283979 283979 283979 283979 283979 283979 283979 283979 283979 283979 651658 651658 651658 651658 651658 651658 651658 651658 651658 651658 651658 651658 651658 651658 651658 651658 651658 651658 651658 1381679 1381679 1381679 1381679 1381679 1381679 1381679 1381679 1381679 1381679 1381679 1381679 1381679 1381679 1381679 1381679 1381679 1381679 1381679 2840843 2840843 2840843 2840843 2840843 2840843 2840843 2840843 2840843 2840843 2840843 2840843 2840843 2840843 2840843 2840843 2840843 2840843 2840843 5737043 5737043 5737043 5737043 5737043 5737043 5737043 5737043 5737043 5737043 5737043 5737043 5737043 5737043 5737043 5737043 5737043 5737043 5737043 11110524 11110524 11110524 11110524 11110524 11110524 11110524 11110524 11110524 11110524 11110524 11110524 11110524 11110524 11110524 11110524 11110524 11110524 11110524 21348618 21348618 21348618 21348618 21348618 21348618 21348618 21348618 21348618 21348618 21348618 21348618 21348618 21348618 21348618 21348618 21348618 21348618 21348618 43279157 43279157 43279157 43279157 43279157 43279157 43279157 43279157 43279157 43279157 43279157 43279157 43279157 43279157 43279157 43279157 43279157 43279157 43279157 93046345 93046345 93046345 93046345 93046345 93046345 93046345 93046345 93046345 93046345 93046345 93046345 93046345 93046345 93046345 93046345 93046345 93046345 93046345
exact 16 44154 6839 18439 51090 157095 532121 1383856 4004610 12420133 38617923 122929229 399028777 1308994668 4338459971 14501740801 48777915129
area 19 155969983397 579203614039 2273774643953 141008662149 540724075595 2140404971085 133775735800 522884660382 2079875337992 130267324709 514443568449 2051659427325 128562715174 510361241320 2038098600804 127732581156 508340514376 2031364010396 127327414302 507318249712 2027915849996 127129302809 506791948207 2026107101375 127032218332 506517056920 2025140822958 126984545291 506371750531 2024617311981 126961099947 506317462759 2024353543645 126949535375 506286910587 2024205390849 126943833459 506281133243 2024133485809 126941006671 506277224947 2024092706985 126939618455 506280468387 2024076118617 126938924991 506281963683 2024067144921 126938584175 506285405123 2024065297721 126938411135 506287136739 2024064270393 126938328287 506289296291 2024065131769
diff 19 14961321248 23185226336 56628701492 7232926349 10762929715 25088358617 3508411091 5051699687 11313289061 1704609535 2383495273 5142734703 830134018 1129210948 2348197208 405166854 536885116 1075473608 198111493 256026251 493707103 97084477 122393981 226831237 47673041 58556571 103859597 23445344 51399842 70451718 11564572 24879416 32480504 5701916 23414768 26166224 2826788 11487536 12369264 1388216 11151936 11397440 693464 5557952 5622464 340816 5454592 5466368 173040 2769664 2771712 82848 2651136 2651136 0 0 0
float_area 19 0 0 0 0 0 0 0 0 0 0 0 0 0 0 0 0 0 0 0 0 0 0 0 0 0 0 0 0 0 0 0 0 0 0 0 0 0 0 0 0 0 0 0 0 0 0 0 0 0 0 0 0 0 0 0 0 0
delta 19 0 0 0 0 0 0 0 0 0 0 0 0 0 0 0 0 0 0 0 0 0 0 0 0 0 0 0 0 0 0 0 0 0 0 0 0 0 0 0 0 0 0 0 0 0 0 0 0 0 0 0 0 0 0 0 0 0
alloc 0
tile_diff 0
tile_cert 0
flip_stats 0
counts 7 342124647635 548841253080 449843048069571 13746744518076462 109235237229 0 9932
secs 19919.97420972812 17935.692014137065 31315.60155428604 1505.6142184759888 17852.742234068999
