mandelbrot tree result 1
base 1266 box -2 0.5 0 1.2 depth 15 safety 4 m 16 strata 2 max_iter 4294967296 seed 3 first_newton 8192 center_max_iter 16384 center_first_newton 8192 center_hint_newton 0 center_max_period 256 newton_max_period 256 newton_iters 30 newton_close2 inf newton_repel2 2.0000000000000004 newton_tol 1e-10 newton_margin 9.9999999999999995e-07 prec double rows -1 leaf_stats 0 tiles 0 flip_stats 0 roulette 8388608 1 2 ks 16384 32768 65536 131072 262144 524288 1048576 2097152 4194304 8388608 16777216 33554432 67108864 134217728 268435456 536870912 1073741824 2147483648 4294967288
shard 7 32
certified 304 11848 11848 11848 11848 11848 11848 11848 11848 11848 11848 11848 11848 11848 11848 11848 11848 11848 11848 11848 1538 1538 1538 1538 1538 1538 1538 1538 1538 1538 1538 1538 1538 1538 1538 1538 1538 1538 1538 3701 3701 3701 3701 3701 3701 3701 3701 3701 3701 3701 3701 3701 3701 3701 3701 3701 3701 3701 7814 7814 7814 7814 7814 7814 7814 7814 7814 7814 7814 7814 7814 7814 7814 7814 7814 7814 7814 20151 20151 20151 20151 20151 20151 20151 20151 20151 20151 20151 20151 20151 20151 20151 20151 20151 20151 20151 50898 50898 50898 50898 50898 50898 50898 50898 50898 50898 50898 50898 50898 50898 50898 50898 50898 50898 50898 127802 127802 127802 127802 127802 127802 127802 127802 127802 127802 127802 127802 127802 127802 127802 127802 127802 127802 127802 305904 305904 305904 305904 305904 305904 305904 305904 305904 305904 305904 305904 305904 305904 305904 305904 305904 305904 305904 708549 708549 708549 708549 708549 708549 708549 708549 708549 708549 708549 708549 708549 708549 708549 708549 708549 708549 708549 1494445 1494445 1494445 1494445 1494445 1494445 1494445 1494445 1494445 1494445 1494445 1494445 1494445 1494445 1494445 1494445 1494445 1494445 1494445 3031542 3031542 3031542 3031542 3031542 3031542 3031542 3031542 3031542 3031542 3031542 3031542 3031542 3031542 3031542 3031542 3031542 3031542 3031542 6108827 6108827 6108827 6108827 6108827 6108827 6108827 6108827 6108827 6108827 6108827 6108827 6108827 6108827 6108827 6108827 6108827 6108827 6108827 11835319 11835319 11835319 11835319 11835319 11835319 11835319 11835319 11835319 11835319 11835319 11835319 11835319 11835319 11835319 11835319 11835319 11835319 11835319 22912867 22912867 22912867 22912867 22912867 22912867 22912867 22912867 22912867 22912867 22912867 22912867 22912867 22912867 22912867 22912867 22912867 22912867 22912867 46839857 46839857 46839857 46839857 46839857 46839857 46839857 46839857 46839857 46839857 46839857 46839857 46839857 46839857 46839857 46839857 46839857 46839857 46839857 101931304 101931304 101931304 101931304 101931304 101931304 101931304 101931304 101931304 101931304 101931304 101931304 101931304 101931304 101931304 101931304 101931304 101931304 101931304
exact 16 44192 6849 20067 51995 137135 419849 1300716 4037317 12547282 39652764 127959134 417349457 1373823974 4566699756 15291656506 51548390313
area 19 165076217703 607294685163 2378045095827 147388229671 562019080413 2221458846319 138852204432 541063769448 2150512535302 134718981377 531168780775 2117509368505 132712227630 526394604394 2101694717142 131735217300 524037989964 2093870623416 131258315767 522849233941 2089880243491 131025010947 522238634085 2087793629719 130910647246 521920458422 2086682155800 130854468429 521752625783 2086081486801 130826815142 521690638260 2085780154962 130813175844 521655691600 2085610773450 130806445114 521649330396 2085528332998 130803111738 521644856460 2085481077782 130801460202 521648764172 2085461643318 130800639554 521650540508 2085451073414 130800230434 521654655740 2085448844646 130800028146 521656698076 2085447712262 130799928402 521659289692 2085448722694
diff 19 17687988032 27365355956 66705706878 8536025239 12685742125 29521228263 4133223055 5947608467 13306905687 2006753747 2805965125 6052671925 977010330 1330045902 2767629616 476901533 633015299 1270527869 233304820 302280128 585020030 114363701 144708709 269663787 56178817 69354293 124001809 27653287 60865199 84186995 13639298 29484428 38956140 6730730 27709732 31204100 3333376 13569568 14724096 1651536 13276928 13604480 820648 6578112 6669248 409120 6547456 6568960 202288 3237632 3244800 99744 3191808 3193856 0 0 0
float_area 19 0 0 0 0 0 0 0 0 0 0 0 0 0 0 0 0 0 0 0 0 0 0 0 0 0 0 0 0 0 0 0 0 0 0 0 0 0 0 0 0 0 0 0 0 0 0 0 0 0 0 0 0 0 0 0 0 0
delta 19 0 0 0 0 0 0 0 0 0 0 0 0 0 0 0 0 0 0 0 0 0 0 0 0 0 0 0 0 0 0 0 0 0 0 0 0 0 0 0 0 0 0 0 0 0 0 0 0 0 0 0 0 0 0 0 0 0
alloc 0
tile_diff 0
tile_cert 0
flip_stats 0
counts 7 365403006511 585049454876 485949324157357 15205908850219319 118247663426 0 10859
secs 19931.714746410118 18003.767755160876 36174.325376403176 1620.1861074319934 19511.340741852
