mandelbrot tree result 1
base 1266 box -2 0.5 0 1.2 depth 15 safety 4 m 16 strata 2 max_iter 4294967296 seed 3 first_newton 8192 center_max_iter 16384 center_first_newton 8192 center_hint_newton 0 center_max_period 256 newton_max_period 256 newton_iters 30 newton_close2 inf newton_repel2 2.0000000000000004 newton_tol 1e-10 newton_margin 9.9999999999999995e-07 prec double rows -1 leaf_stats 0 tiles 0 flip_stats 0 roulette 8388608 1 2 ks 16384 32768 65536 131072 262144 524288 1048576 2097152 4194304 8388608 16777216 33554432 67108864 134217728 268435456 536870912 1073741824 2147483648 4294967288
shard 22 32
certified 304 11477 11477 11477 11477 11477 11477 11477 11477 11477 11477 11477 11477 11477 11477 11477 11477 11477 11477 11477 1484 1484 1484 1484 1484 1484 1484 1484 1484 1484 1484 1484 1484 1484 1484 1484 1484 1484 1484 3700 3700 3700 3700 3700 3700 3700 3700 3700 3700 3700 3700 3700 3700 3700 3700 3700 3700 3700 8757 8757 8757 8757 8757 8757 8757 8757 8757 8757 8757 8757 8757 8757 8757 8757 8757 8757 8757 18828 18828 18828 18828 18828 18828 18828 18828 18828 18828 18828 18828 18828 18828 18828 18828 18828 18828 18828 43564 43564 43564 43564 43564 43564 43564 43564 43564 43564 43564 43564 43564 43564 43564 43564 43564 43564 43564 110018 110018 110018 110018 110018 110018 110018 110018 110018 110018 110018 110018 110018 110018 110018 110018 110018 110018 110018 269365 269365 269365 269365 269365 269365 269365 269365 269365 269365 269365 269365 269365 269365 269365 269365 269365 269365 269365 590607 590607 590607 590607 590607 590607 590607 590607 590607 590607 590607 590607 590607 590607 590607 590607 590607 590607 590607 1233968 1233968 1233968 1233968 1233968 1233968 1233968 1233968 1233968 1233968 1233968 1233968 1233968 1233968 1233968 1233968 1233968 1233968 1233968 2515872 2515872 2515872 2515872 2515872 2515872 2515872 2515872 2515872 2515872 2515872 2515872 2515872 2515872 2515872 2515872 2515872 2515872 2515872 5005284 5005284 5005284 5005284 5005284 5005284 5005284 5005284 5005284 5005284 5005284 5005284 5005284 5005284 5005284 5005284 5005284 5005284 5005284 9438515 9438515 9438515 9438515 9438515 9438515 9438515 9438515 9438515 9438515 9438515 9438515 9438515 9438515 9438515 9438515 9438515 9438515 9438515 17817321 17817321 17817321 17817321 17817321 17817321 17817321 17817321 17817321 17817321 17817321 17817321 17817321 17817321 17817321 17817321 17817321 17817321 17817321 35450162 35450162 35450162 35450162 35450162 35450162 35450162 35450162 35450162 35450162 35450162 35450162 35450162 35450162 35450162 35450162 35450162 35450162 35450162 75324040 75324040 75324040 75324040 75324040 75324040 75324040 75324040 75324040 75324040 75324040 75324040 75324040 75324040 75324040 75324040 75324040 75324040 75324040
exact 16 43111 6796 17479 53308 141890 425738 1261213 3967589 12416596 39251814 124611730 405396535 1328485096 4396858832 14664965052 49279632749
area 19 152926969403 568004732715 2229888397975 138248044988 530399854176 2099773904452 131210927883 513101485565 2041174134125 127820145111 504951420461 2013943637995 126176478454 501015114084 2000867349156 125376498023 499066449577 1994371563819 124986156003 498080304729 1991043487989 124795281477 497572006845 1989295051859 124701746759 497306260543 1988359809461 124655828158 497165588780 1987852296918 124633234539 497112741225 1987595596507 124622093011 497082946473 1987451212255 124616596303 497077172753 1987380942823 124613872683 497073319673 1987341195303 124612529187 497076431177 1987325081767 124611860691 497077856777 1987316391287 124611531539 497081165801 1987314557431 124611366739 497082815305 1987313611319 124611284627 497084947977 1987314431863
diff 19 14678924415 22754297315 55593427403 7037117105 10463171873 24364222643 3390782772 4882799120 10935187902 1643666657 2299769691 4965790183 799980431 1089140417 2267362963 390342020 517695164 1038442330 190874526 246857336 476708684 93534718 118000610 219013480 45918601 56409757 100088153 22593619 49513773 67840577 11141528 23942856 31166000 5496708 22557264 25140528 2723620 11060560 11878192 1343496 10787008 11013312 668496 5357952 5416448 329152 5268480 5281280 164800 2636800 2638848 82112 2627584 2627584 0 0 0
float_area 19 0 0 0 0 0 0 0 0 0 0 0 0 0 0 0 0 0 0 0 0 0 0 0 0 0 0 0 0 0 0 0 0 0 0 0 0 0 0 0 0 0 0 0 0 0 0 0 0 0 0 0 0 0 0 0 0 0
delta 19 0 0 0 0 0 0 0 0 0 0 0 0 0 0 0 0 0 0 0 0 0 0 0 0 0 0 0 0 0 0 0 0 0 0 0 0 0 0 0 0 0 0 0 0 0 0 0 0 0 0 0 0 0 0 0 0 0
alloc 0
tile_diff 0
tile_cert 0
flip_stats 0
counts 7 342109099427 549822163482 437387509164674 13479079808793254 103576786940 0 10531
secs 19672.584881993 17349.66117058805 31283.052622283984 1702.738218261004 17854.125171956999
