mandelbrot tree result 1
base 1266 box -2 0.5 0 1.2 depth 15 safety 4 m 16 strata 2 max_iter 4294967296 seed 3 first_newton 8192 center_max_iter 16384 center_first_newton 8192 center_hint_newton 0 center_max_period 256 newton_max_period 256 newton_iters 30 newton_close2 inf newton_repel2 2.0000000000000004 newton_tol 1e-10 newton_margin 9.9999999999999995e-07 prec double rows -1 leaf_stats 0 tiles 0 flip_stats 0 roulette 8388608 1 2 ks 16384 32768 65536 131072 262144 524288 1048576 2097152 4194304 8388608 16777216 33554432 67108864 134217728 268435456 536870912 1073741824 2147483648 4294967288
shard 23 32
certified 304 11464 11464 11464 11464 11464 11464 11464 11464 11464 11464 11464 11464 11464 11464 11464 11464 11464 11464 11464 1441 1441 1441 1441 1441 1441 1441 1441 1441 1441 1441 1441 1441 1441 1441 1441 1441 1441 1441 3779 3779 3779 3779 3779 3779 3779 3779 3779 3779 3779 3779 3779 3779 3779 3779 3779 3779 3779 8831 8831 8831 8831 8831 8831 8831 8831 8831 8831 8831 8831 8831 8831 8831 8831 8831 8831 8831 20854 20854 20854 20854 20854 20854 20854 20854 20854 20854 20854 20854 20854 20854 20854 20854 20854 20854 20854 45924 45924 45924 45924 45924 45924 45924 45924 45924 45924 45924 45924 45924 45924 45924 45924 45924 45924 45924 107724 107724 107724 107724 107724 107724 107724 107724 107724 107724 107724 107724 107724 107724 107724 107724 107724 107724 107724 251892 251892 251892 251892 251892 251892 251892 251892 251892 251892 251892 251892 251892 251892 251892 251892 251892 251892 251892 571518 571518 571518 571518 571518 571518 571518 571518 571518 571518 571518 571518 571518 571518 571518 571518 571518 571518 571518 1209017 1209017 1209017 1209017 1209017 1209017 1209017 1209017 1209017 1209017 1209017 1209017 1209017 1209017 1209017 1209017 1209017 1209017 1209017 2442400 2442400 2442400 2442400 2442400 2442400 2442400 2442400 2442400 2442400 2442400 2442400 2442400 2442400 2442400 2442400 2442400 2442400 2442400 4912218 4912218 4912218 4912218 4912218 4912218 4912218 4912218 4912218 4912218 4912218 4912218 4912218 4912218 4912218 4912218 4912218 4912218 4912218 9514942 9514942 9514942 9514942 9514942 9514942 9514942 9514942 9514942 9514942 9514942 9514942 9514942 9514942 9514942 9514942 9514942 9514942 9514942 18172205 18172205 18172205 18172205 18172205 18172205 18172205 18172205 18172205 18172205 18172205 18172205 18172205 18172205 18172205 18172205 18172205 18172205 18172205 36449801 36449801 36449801 36449801 36449801 36449801 36449801 36449801 36449801 36449801 36449801 36449801 36449801 36449801 36449801 36449801 36449801 36449801 36449801 78100125 78100125 78100125 78100125 78100125 78100125 78100125 78100125 78100125 78100125 78100125 78100125 78100125 78100125 78100125 78100125 78100125 78100125 78100125
exact 16 43128 6740 17810 53005 141436 413439 1284494 4042879 12456516 39457182 125100826 403072186 1314201504 4323424384 14372785251 48126786216
area 19 139331839708 517057540708 2029450852262 125846312477 482119324739 1907949209267 119245468496 465811455816 1852566371714 116030457964 458092257504 1826785454536 114469568363 454367382615 1814431368765 113710783223 452527429311 1808309602449 113340791994 451597582356 1805178169012 113159870690 451118801012 1803535440678 113071179462 450868603808 1802657245526 113027632807 450736215491 1802180882389 113006198114 450686662240 1801940207880 112995631242 450658707656 1801804796092 112990414458 450653362008 1801738826364 112987835554 450649775432 1801701452940 112986559418 450652750248 1801686225052 112985926178 450654115560 1801678020364 112985611554 450657283016 1801676262028 112985455314 450658854920 1801675378444 112985377778 450660872648 1801676179212
diff 19 13485527231 20970162715 51407726661 6600843981 9840054851 22985215159 3215010532 4631076462 10376478746 1560889601 2182233565 4707166639 758785140 1031993548 2145355814 369991229 490275735 982168553 180921304 233861236 451132240 88691228 111856934 207438690 43546655 53494467 94919345 21434693 46984999 64373283 10566872 22718344 29611600 5216784 21411872 23899200 2578904 10474176 11259488 1276136 10253120 10470336 633240 5075648 5126336 314624 5037568 5053952 156240 2500352 2502912 77536 2481152 2485248 0 0 0
float_area 19 0 0 0 0 0 0 0 0 0 0 0 0 0 0 0 0 0 0 0 0 0 0 0 0 0 0 0 0 0 0 0 0 0 0 0 0 0 0 0 0 0 0 0 0 0 0 0 0 0 0 0 0 0 0 0 0 0
delta 19 0 0 0 0 0 0 0 0 0 0 0 0 0 0 0 0 0 0 0 0 0 0 0 0 0 0 0 0 0 0 0 0 0 0 0 0 0 0 0 0 0 0 0 0 0 0 0 0 0 0 0 0 0 0 0 0 0
alloc 0
tile_diff 0
tile_cert 0
flip_stats 0
counts 7 328531435980 529672947510 405209294334733 12502264820564545 95954001682 0 10021
secs 16973.687954226974 14727.543231210038 30088.345765461068 1432.5893639580083 16453.766083671999
