mandelbrot tree result 1
base 1266 box -2 0.5 0 1.2 depth 15 safety 4 m 16 strata 2 max_iter 4294967296 seed 3 first_newton 8192 center_max_iter 16384 center_first_newton 8192 center_hint_newton 0 center_max_period 256 newton_max_period 256 newton_iters 30 newton_close2 inf newton_repel2 2.0000000000000004 newton_tol 1e-10 newton_margin 9.9999999999999995e-07 prec double rows -1 leaf_stats 0 tiles 0 flip_stats 0 roulette 8388608 1 2 ks 16384 32768 65536 131072 262144 524288 1048576 2097152 4194304 8388608 16777216 33554432 67108864 134217728 268435456 536870912 1073741824 2147483648 4294967288
shard 17 32
certified 304 11599 11599 11599 11599 11599 11599 11599 11599 11599 11599 11599 11599 11599 11599 11599 11599 11599 11599 11599 1489 1489 1489 1489 1489 1489 1489 1489 1489 1489 1489 1489 1489 1489 1489 1489 1489 1489 1489 3687 3687 3687 3687 3687 3687 3687 3687 3687 3687 3687 3687 3687 3687 3687 3687 3687 3687 3687 7730 7730 7730 7730 7730 7730 7730 7730 7730 7730 7730 7730 7730 7730 7730 7730 7730 7730 7730 18988 18988 18988 18988 18988 18988 18988 18988 18988 18988 18988 18988 18988 18988 18988 18988 18988 18988 18988 44315 44315 44315 44315 44315 44315 44315 44315 44315 44315 44315 44315 44315 44315 44315 44315 44315 44315 44315 102104 102104 102104 102104 102104 102104 102104 102104 102104 102104 102104 102104 102104 102104 102104 102104 102104 102104 102104 249670 249670 249670 249670 249670 249670 249670 249670 249670 249670 249670 249670 249670 249670 249670 249670 249670 249670 249670 580090 580090 580090 580090 580090 580090 580090 580090 580090 580090 580090 580090 580090 580090 580090 580090 580090 580090 580090 1249172 1249172 1249172 1249172 1249172 1249172 1249172 1249172 1249172 1249172 1249172 1249172 1249172 1249172 1249172 1249172 1249172 1249172 1249172 2517226 2517226 2517226 2517226 2517226 2517226 2517226 2517226 2517226 2517226 2517226 2517226 2517226 2517226 2517226 2517226 2517226 2517226 2517226 5036848 5036848 5036848 5036848 5036848 5036848 5036848 5036848 5036848 5036848 5036848 5036848 5036848 5036848 5036848 5036848 5036848 5036848 5036848 9585272 9585272 9585272 9585272 9585272 9585272 9585272 9585272 9585272 9585272 9585272 9585272 9585272 9585272 9585272 9585272 9585272 9585272 9585272 18124948 18124948 18124948 18124948 18124948 18124948 18124948 18124948 18124948 18124948 18124948 18124948 18124948 18124948 18124948 18124948 18124948 18124948 18124948 35778493 35778493 35778493 35778493 35778493 35778493 35778493 35778493 35778493 35778493 35778493 35778493 35778493 35778493 35778493 35778493 35778493 35778493 35778493 74955186 74955186 74955186 74955186 74955186 74955186 74955186 74955186 74955186 74955186 74955186 74955186 74955186 74955186 74955186 74955186 74955186 74955186 74955186
exact 16 44256 7239 17470 48078 150156 421219 1294047 4082990 12817663 40933259 131972068 428669192 1400487590 4628263316 15428597211 51786298470
area 19 146169270177 542395093727 2128808554361 131981967861 506021727579 2002931923613 125159301002 489227129016 1946005145936 121866455820 481310786044 1919554529228 120272495844 477492330636 1906868397854 119498266362 475604371072 1900571709872 119120891799 474649495267 1897346853909 118936440114 474157667594 1895654028802 118846079306 473900709510 1894749213836 118801701114 473764747678 1894258550190 118779868230 473713677170 1894010467054 118769118124 473684933278 1893871172914 118763806348 473679378478 1893803425154 118761178076 473675687662 1893765174602 118759876740 473678714622 1893749561898 118759232516 473680105486 1893741223706 118758916164 473683285326 1893739463994 118758755428 473684895246 1893738539418 118758676516 473686960462 1893739357914
diff 19 14187302316 21972934030 53622991956 6822666859 10154724759 23673191201 3292845182 4745406190 10637337474 1593959976 2231491058 4821865768 774229482 1054833094 2198157360 377374563 500915851 1006036793 184451685 238790735 461887873 90360808 114109008 212116934 44378192 54588318 97102880 21832884 47871914 65683382 10750106 23110332 30126308 5311776 21796832 24325792 2628272 10672576 11470336 1301336 10448960 10668096 644224 5166464 5223040 316352 5062656 5079040 160736 2571776 2576384 78912 2525184 2525184 0 0 0
float_area 19 0 0 0 0 0 0 0 0 0 0 0 0 0 0 0 0 0 0 0 0 0 0 0 0 0 0 0 0 0 0 0 0 0 0 0 0 0 0 0 0 0 0 0 0 0 0 0 0 0 0 0 0 0 0 0 0 0
delta 19 0 0 0 0 0 0 0 0 0 0 0 0 0 0 0 0 0 0 0 0 0 0 0 0 0 0 0 0 0 0 0 0 0 0 0 0 0 0 0 0 0 0 0 0 0 0 0 0 0 0 0 0 0 0 0 0 0
alloc 0
tile_diff 0
tile_cert 0
flip_stats 0
counts 7 354537122158 571201618296 430210102499486 13119242212760389 102814387250 0 10611
secs 17836.752101838083 16533.154641134002 30586.909907069028 1529.0958546079962 16927.580191763998
