mandelbrot tree result 1
base 1266 box -2 0.5 0 1.2 depth 15 safety 4 m 16 strata 2 max_iter 4294967296 seed 3 first_newton 8192 center_max_iter 16384 center_first_newton 8192 center_hint_newton 0 center_max_period 256 newton_max_period 256 newton_iters 30 newton_close2 inf newton_repel2 2.0000000000000004 newton_tol 1e-10 newton_margin 9.9999999999999995e-07 prec double rows -1 leaf_stats 0 tiles 0 flip_stats 0 roulette 8388608 1 2 ks 16384 32768 65536 131072 262144 524288 1048576 2097152 4194304 8388608 16777216 33554432 67108864 134217728 268435456 536870912 1073741824 2147483648 4294967288
shard 26 32
certified 304 11418 11418 11418 11418 11418 11418 11418 11418 11418 11418 11418 11418 11418 11418 11418 11418 11418 11418 11418 1340 1340 1340 1340 1340 1340 1340 1340 1340 1340 1340 1340 1340 1340 1340 1340 1340 1340 1340 3784 3784 3784 3784 3784 3784 3784 3784 3784 3784 3784 3784 3784 3784 3784 3784 3784 3784 3784 8455 8455 8455 8455 8455 8455 8455 8455 8455 8455 8455 8455 8455 8455 8455 8455 8455 8455 8455 20448 20448 20448 20448 20448 20448 20448 20448 20448 20448 20448 20448 20448 20448 20448 20448 20448 20448 20448 52804 52804 52804 52804 52804 52804 52804 52804 52804 52804 52804 52804 52804 52804 52804 52804 52804 52804 52804 128713 128713 128713 128713 128713 128713 128713 128713 128713 128713 128713 128713 128713 128713 128713 128713 128713 128713 128713 311737 311737 311737 311737 311737 311737 311737 311737 311737 311737 311737 311737 311737 311737 311737 311737 311737 311737 311737 690709 690709 690709 690709 690709 690709 690709 690709 690709 690709 690709 690709 690709 690709 690709 690709 690709 690709 690709 1419279 1419279 1419279 1419279 1419279 1419279 1419279 1419279 1419279 1419279 1419279 1419279 1419279 1419279 1419279 1419279 1419279 1419279 1419279 2815757 2815757 2815757 2815757 2815757 2815757 2815757 2815757 2815757 2815757 2815757 2815757 2815757 2815757 2815757 2815757 2815757 2815757 2815757 5567959 5567959 5567959 5567959 5567959 5567959 5567959 5567959 5567959 5567959 5567959 5567959 5567959 5567959 5567959 5567959 5567959 5567959 5567959 10559828 10559828 10559828 10559828 10559828 10559828 10559828 10559828 10559828 10559828 10559828 10559828 10559828 10559828 10559828 10559828 10559828 10559828 10559828 19889016 19889016 19889016 19889016 19889016 19889016 19889016 19889016 19889016 19889016 19889016 19889016 19889016 19889016 19889016 19889016 19889016 19889016 19889016 39735561 39735561 39735561 39735561 39735561 39735561 39735561 39735561 39735561 39735561 39735561 39735561 39735561 39735561 39735561 39735561 39735561 39735561 39735561 85896980 85896980 85896980 85896980 85896980 85896980 85896980 85896980 85896980 85896980 85896980 85896980 85896980 85896980 85896980 85896980 85896980 85896980 85896980
exact 16 43184 6716 17924 51606 145229 431434 1248472 3794172 11785928 37032623 118647604 384435296 1259719795 4169599604 13907043900 46698653695
area 19 165608786246 618177386848 2430105394686 150712242354 579662573888 2296280632772 143486059714 561784575034 2235524672900 139978173115 553322343939 2207200212789 138273104138 549227166464 2193578870624 137442607437 547197462825 2186803737563 137037307581 546169111505 2183327472557 136839162169 545638635745 2181499389971 136742098253 545360991209 2180520021183 136694448514 545213914634 2179988116178 136671011127 545158507267 2179718969827 136659467767 545127416403 2179568229811 136653767049 545121342731 2179494934967 136650948749 545117342691 2179453715079 136649551373 545120585523 2179436908407 136648860789 545122072227 2179427913191 136648517781 545125531107 2179426050439 136648347909 545127236995 2179425095399 136648263141 545129447939 2179425937831
diff 19 14896543892 23163433946 56792415870 7226182640 10775731354 25184361394 3507886599 5058706161 11353126153 1705068977 2386246221 5155813837 830496701 1129645815 2349752127 405299856 536593758 1074039194 198145412 255612584 491834934 97063916 122029266 225276790 47649739 58309733 102782255 23437387 51256433 69826017 11543360 24766168 32067144 5700718 23374356 26006580 2818300 11445008 12283696 1397376 11223168 11454336 690584 5533120 5594560 343008 5490176 5505024 169872 2718464 2723072 84768 2712576 2712576 0 0 0
float_area 19 0 0 0 0 0 0 0 0 0 0 0 0 0 0 0 0 0 0 0 0 0 0 0 0 0 0 0 0 0 0 0 0 0 0 0 0 0 0 0 0 0 0 0 0 0 0 0 0 0 0 0 0 0 0 0 0 0
delta 19 0 0 0 0 0 0 0 0 0 0 0 0 0 0 0 0 0 0 0 0 0 0 0 0 0 0 0 0 0 0 0 0 0 0 0 0 0 0 0 0 0 0 0 0 0 0 0 0 0 0 0 0 0 0 0 0 0
alloc 0
tile_diff 0
tile_cert 0
flip_stats 0
counts 7 323165526801 519677562186 446196343849768 14002428271704599 111881432003 0 9758
secs 19224.36932359499 17108.862792338019 32365.667411396927 1700.695597447004 18038.972722901999
