mandelbrot tree result 1
base 1266 box -2 0.5 0 1.2 depth 15 safety 4 m 16 strata 2 max_iter 4294967296 seed 3 first_newton 8192 center_max_iter 16384 center_first_newton 8192 center_hint_newton 0 center_max_period 256 newton_max_period 256 newton_iters 30 newton_close2 inf newton_repel2 2.0000000000000004 newton_tol 1e-10 newton_margin 9.9999999999999995e-07 prec double rows -1 leaf_stats 0 tiles 0 flip_stats 0 roulette 8388608 1 2 ks 16384 32768 65536 131072 262144 524288 1048576 2097152 4194304 8388608 16777216 33554432 67108864 134217728 268435456 536870912 1073741824 2147483648 4294967288
shard 4 32
certified 304 11910 11910 11910 11910 11910 11910 11910 11910 11910 11910 11910 11910 11910 11910 11910 11910 11910 11910 11910 1630 1630 1630 1630 1630 1630 1630 1630 1630 1630 1630 1630 1630 1630 1630 1630 1630 1630 1630 3681 3681 3681 3681 3681 3681 3681 3681 3681 3681 3681 3681 3681 3681 3681 3681 3681 3681 3681 8968 8968 8968 8968 8968 8968 8968 8968 8968 8968 8968 8968 8968 8968 8968 8968 8968 8968 8968 20963 20963 20963 20963 20963 20963 20963 20963 20963 20963 20963 20963 20963 20963 20963 20963 20963 20963 20963 48194 48194 48194 48194 48194 48194 48194 48194 48194 48194 48194 48194 48194 48194 48194 48194 48194 48194 48194 119085 119085 119085 119085 119085 119085 119085 119085 119085 119085 119085 119085 119085 119085 119085 119085 119085 119085 119085 284310 284310 284310 284310 284310 284310 284310 284310 284310 284310 284310 284310 284310 284310 284310 284310 284310 284310 284310 645828 645828 645828 645828 645828 645828 645828 645828 645828 645828 645828 645828 645828 645828 645828 645828 645828 645828 645828 1348385 1348385 1348385 1348385 1348385 1348385 1348385 1348385 1348385 1348385 1348385 1348385 1348385 1348385 1348385 1348385 1348385 1348385 1348385 2753660 2753660 2753660 2753660 2753660 2753660 2753660 2753660 2753660 2753660 2753660 2753660 2753660 2753660 2753660 2753660 2753660 2753660 2753660 5576097 5576097 5576097 5576097 5576097 5576097 5576097 5576097 5576097 5576097 5576097 5576097 5576097 5576097 5576097 5576097 5576097 5576097 5576097 10803177 10803177 10803177 10803177 10803177 10803177 10803177 10803177 10803177 10803177 10803177 10803177 10803177 10803177 10803177 10803177 10803177 10803177 10803177 20764903 20764903 20764903 20764903 20764903 20764903 20764903 20764903 20764903 20764903 20764903 20764903 20764903 20764903 20764903 20764903 20764903 20764903 20764903 41810962 41810962 41810962 41810962 41810962 41810962 41810962 41810962 41810962 41810962 41810962 41810962 41810962 41810962 41810962 41810962 41810962 41810962 41810962 89302414 89302414 89302414 89302414 89302414 89302414 89302414 89302414 89302414 89302414 89302414 89302414 89302414 89302414 89302414 89302414 89302414 89302414 89302414
exact 16 44164 6927 18451 56581 152225 445654 1311728 3965543 12561905 39035903 124542287 405026263 1327758510 4390896627 14639285024 49116444710
area 19 148810533664 550173611774 2157210610108 133767392657 511437333645 2022909324417 126432876472 493371259360 1961657799096 122870097777 484814698739 1933080403707 121139428356 480679869822 1919358511104 120296915606 478636221994 1912556740512 119885717427 477604182995 1909082084805 119684601941 477073574043 1907263018687 119586008864 476796741054 1906292674708 119537574953 476650565193 1905767696893 119513746892 476596373860 1905504138962 119502000970 476565935048 1905356490970 119496198338 476560347248 1905284857034 119493331190 476556498344 1905244097098 119491909022 476559856472 1905227347402 119491205502 476561379240 1905218306570 119490858094 476564857224 1905216342666 119490681950 476566628904 1905215330986 119490594910 476568894184 1905216196650
diff 19 15043141007 23295307475 56827000951 7334516185 10910519297 25413320331 3562778695 5132744983 11498732419 1730669421 2423640269 5237853739 842512750 1148921782 2396530414 411198179 546722611 1100230053 201115486 260931748 506232624 98593077 124858091 233122197 48433911 59781731 106943713 23828061 52413547 72427779 11745922 25370396 33442212 5802632 23873248 26854336 2867148 11667248 12640272 1422168 11426880 11709504 703520 5639552 5712768 347408 5560064 5576960 176144 2818816 2823936 87040 2785280 2787328 0 0 0
float_area 19 0 0 0 0 0 0 0 0 0 0 0 0 0 0 0 0 0 0 0 0 0 0 0 0 0 0 0 0 0 0 0 0 0 0 0 0 0 0 0 0 0 0 0 0 0 0 0 0 0 0 0 0 0 0 0 0 0
delta 19 0 0 0 0 0 0 0 0 0 0 0 0 0 0 0 0 0 0 0 0 0 0 0 0 0 0 0 0 0 0 0 0 0 0 0 0 0 0 0 0 0 0 0 0 0 0 0 0 0 0 0 0 0 0 0 0 0
alloc 0
tile_diff 0
tile_cert 0
flip_stats 0
counts 7 337247063466 543078137744 429040932357022 13295934297132633 104715285562 0 10020
secs 17774.618088604962 16229.987731600922 32310.705156909895 1360.2731804619918 17339.120557187998
