mandelbrot tree result 1
base 1266 box -2 0.5 0 1.2 depth 15 safety 4 m 16 strata 2 max_iter 4294967296 seed 3 first_newton 8192 center_max_iter 16384 center_first_newton 8192 center_hint_newton 0 center_max_period 256 newton_max_period 256 newton_iters 30 newton_close2 inf newton_repel2 2.0000000000000004 newton_tol 1e-10 newton_margin 9.9999999999999995e-07 prec double rows -1 leaf_stats 0 tiles 0 flip_stats 0 roulette 8388608 1 2 ks 16384 32768 65536 131072 262144 524288 1048576 2097152 4194304 8388608 16777216 33554432 67108864 134217728 268435456 536870912 1073741824 2147483648 4294967288
shard 15 32
certified 304 11646 11646 11646 11646 11646 11646 11646 11646 11646 11646 11646 11646 11646 11646 11646 11646 11646 11646 11646 1490 1490 1490 1490 1490 1490 1490 1490 1490 1490 1490 1490 1490 1490 1490 1490 1490 1490 1490 3609 3609 3609 3609 3609 3609 3609 3609 3609 3609 3609 3609 3609 3609 3609 3609 3609 3609 3609 8350 8350 8350 8350 8350 8350 8350 8350 8350 8350 8350 8350 8350 8350 8350 8350 8350 8350 8350 20266 20266 20266 20266 20266 20266 20266 20266 20266 20266 20266 20266 20266 20266 20266 20266 20266 20266 20266 47023 47023 47023 47023 47023 47023 47023 47023 47023 47023 47023 47023 47023 47023 47023 47023 47023 47023 47023 109263 109263 109263 109263 109263 109263 109263 109263 109263 109263 109263 109263 109263 109263 109263 109263 109263 109263 109263 263230 263230 263230 263230 263230 263230 263230 263230 263230 263230 263230 263230 263230 263230 263230 263230 263230 263230 263230 596021 596021 596021 596021 596021 596021 596021 596021 596021 596021 596021 596021 596021 596021 596021 596021 596021 596021 596021 1231211 1231211 1231211 1231211 1231211 1231211 1231211 1231211 1231211 1231211 1231211 1231211 1231211 1231211 1231211 1231211 1231211 1231211 1231211 2495706 2495706 2495706 2495706 2495706 2495706 2495706 2495706 2495706 2495706 2495706 2495706 2495706 2495706 2495706 2495706 2495706 2495706 2495706 5011539 5011539 5011539 5011539 5011539 5011539 5011539 5011539 5011539 5011539 5011539 5011539 5011539 5011539 5011539 5011539 5011539 5011539 5011539 9656423 9656423 9656423 9656423 9656423 9656423 9656423 9656423 9656423 9656423 9656423 9656423 9656423 9656423 9656423 9656423 9656423 9656423 9656423 18474092 18474092 18474092 18474092 18474092 18474092 18474092 18474092 18474092 18474092 18474092 18474092 18474092 18474092 18474092 18474092 18474092 18474092 18474092 36829053 36829053 36829053 36829053 36829053 36829053 36829053 36829053 36829053 36829053 36829053 36829053 36829053 36829053 36829053 36829053 36829053 36829053 36829053 77840429 77840429 77840429 77840429 77840429 77840429 77840429 77840429 77840429 77840429 77840429 77840429 77840429 77840429 77840429 77840429 77840429 77840429 77840429
exact 16 44238 7140 18752 47367 144775 442773 1333460 3953408 12380064 39355418 126768654 412085829 1359197892 4519669960 15137446750 51002063307
area 19 143297144046 532632329974 2091450691696 129692967053 497704122683 1970487072675 123144128488 481544682234 1915648832614 119971137055 473899528045 1890075798561 118429065574 470201116388 1877781743138 117678212516 468369808144 1871673568350 117311798237 467442936573 1868543777983 117132625321 466965274279 1866900137557 117044851455 466715698347 1866021504779 117001760248 466583567708 1865544649634 116980575822 466533956602 1865303679558 116970123504 466505981206 1865168113130 116964958052 466500542854 1865102056834 116962405980 466496935574 1865064809922 116961139996 466499883206 1865049614354 116960512108 466501240182 1865041478834 116960203612 466504346006 1865039789170 116960047404 466505919766 1865038901298 116959971020 466507913750 1865039682546
diff 19 13604176993 21075142397 51455522701 6548838565 9747794381 22728286659 3172991433 4572994509 10252513937 1542071481 2158110419 4661741443 750853058 1022221276 2127990298 366414279 485869491 974436621 179172916 231684192 447212056 87773866 110657440 205226262 43091207 52908217 93791215 21184426 46408382 63473390 10452318 22457348 29206204 5165452 21184560 23595696 2552072 10359424 11122784 1265984 10165120 10384256 627888 5033088 5086720 308496 4937984 4951808 156208 2499328 2501376 76384 2444288 2444288 0 0 0
float_area 19 0 0 0 0 0 0 0 0 0 0 0 0 0 0 0 0 0 0 0 0 0 0 0 0 0 0 0 0 0 0 0 0 0 0 0 0 0 0 0 0 0 0 0 0 0 0 0 0 0 0 0 0 0 0 0 0 0
delta 19 0 0 0 0 0 0 0 0 0 0 0 0 0 0 0 0 0 0 0 0 0 0 0 0 0 0 0 0 0 0 0 0 0 0 0 0 0 0 0 0 0 0 0 0 0 0 0 0 0 0 0 0 0 0 0 0 0
alloc 0
tile_diff 0
tile_cert 0
flip_stats 0
counts 7 353998536253 568817977840 421746508845105 12752056850186295 98825627031 0 10620
secs 17718.664574253151 16401.829492834037 30278.681537686025 1285.6678812230105 16678.792011448
