mandelbrot tree result 1
base 1266 box -2 0.5 0 1.2 depth 15 safety 4 m 16 strata 2 max_iter 4294967296 seed 3 first_newton 8192 center_max_iter 16384 center_first_newton 8192 center_hint_newton 0 center_max_period 256 newton_max_period 256 newton_iters 30 newton_close2 inf newton_repel2 2.0000000000000004 newton_tol 1e-10 newton_margin 9.9999999999999995e-07 prec double rows -1 leaf_stats 0 tiles 0 flip_stats 0 roulette 8388608 1 2 ks 16384 32768 65536 131072 262144 524288 1048576 2097152 4194304 8388608 16777216 33554432 67108864 134217728 268435456 536870912 1073741824 2147483648 4294967288
shard 24 32
certified 304 11450 11450 11450 11450 11450 11450 11450 11450 11450 11450 11450 11450 11450 11450 11450 11450 11450 11450 11450 1401 1401 1401 1401 1401 1401 1401 1401 1401 1401 1401 1401 1401 1401 1401 1401 1401 1401 1401 3769 3769 3769 3769 3769 3769 3769 3769 3769 3769 3769 3769 3769 3769 3769 3769 3769 3769 3769 9145 9145 9145 9145 9145 9145 9145 9145 9145 9145 9145 9145 9145 9145 9145 9145 9145 9145 9145 20813 20813 20813 20813 20813 20813 20813 20813 20813 20813 20813 20813 20813 20813 20813 20813 20813 20813 20813 47233 47233 47233 47233 47233 47233 47233 47233 47233 47233 47233 47233 47233 47233 47233 47233 47233 47233 47233 112070 112070 112070 112070 112070 112070 112070 112070 112070 112070 112070 112070 112070 112070 112070 112070 112070 112070 112070 257742 257742 257742 257742 257742 257742 257742 257742 257742 257742 257742 257742 257742 257742 257742 257742 257742 257742 257742 579440 579440 579440 579440 579440 579440 579440 579440 579440 579440 579440 579440 579440 579440 579440 579440 579440 579440 579440 1239491 1239491 1239491 1239491 1239491 1239491 1239491 1239491 1239491 1239491 1239491 1239491 1239491 1239491 1239491 1239491 1239491 1239491 1239491 2503339 2503339 2503339 2503339 2503339 2503339 2503339 2503339 2503339 2503339 2503339 2503339 2503339 2503339 2503339 2503339 2503339 2503339 2503339 5014037 5014037 5014037 5014037 5014037 5014037 5014037 5014037 5014037 5014037 5014037 5014037 5014037 5014037 5014037 5014037 5014037 5014037 5014037 9598237 9598237 9598237 9598237 9598237 9598237 9598237 9598237 9598237 9598237 9598237 9598237 9598237 9598237 9598237 9598237 9598237 9598237 9598237 18271642 18271642 18271642 18271642 18271642 18271642 18271642 18271642 18271642 18271642 18271642 18271642 18271642 18271642 18271642 18271642 18271642 18271642 18271642 36607377 36607377 36607377 36607377 36607377 36607377 36607377 36607377 36607377 36607377 36607377 36607377 36607377 36607377 36607377 36607377 36607377 36607377 36607377 78419782 78419782 78419782 78419782 78419782 78419782 78419782 78419782 78419782 78419782 78419782 78419782 78419782 78419782 78419782 78419782 78419782 78419782 78419782
exact 16 43155 6680 18046 51739 143148 420953 1305918 3981049 12220499 37777307 120830391 391786133 1281540796 4238083436 14119522693 47407783574
area 19 145056870002 537404471632 2108317338196 130720945493 500623648485 1980985081863 123800745567 483570581553 1923151529691 120443771677 475496465081 1896164705995 118811137027 471591066727 1883197211251 118016041329 469659257061 1876763748863 117628216846 468682695766 1873472276698 117438608952 468179958948 1871745681048 117345696735 467917378485 1870823265885 117300071804 467778444446 1870323010214 117277602376 467726336924 1870069925938 117266538038 467696967940 1869927637430 117261076722 467691314692 1869858285502 117258380158 467687541012 1869819128646 117257040726 467690652052 1869803044646 117256379534 467692069748 1869794447878 117256049678 467695385652 1869792642406 117255885614 467697032148 1869791698470 117255802542 467699202836 1869792542246
diff 19 14335924509 22180914035 54068776977 6920199926 10293094510 23974595566 3356973890 4837669912 10842591886 1632634650 2286154792 4940759354 795095698 1083384520 2257944350 387824483 514980509 1034703073 189607894 245627270 475462024 92912217 117438365 218599241 45624931 56163997 100030593 22469428 49311410 67759722 11064338 23809644 31108620 5461316 22420784 25043216 2696564 10954224 11777744 1339432 10759104 10998592 661192 5297856 5357248 329856 5279232 5292032 164064 2627072 2629120 83072 2658304 2660352 0 0 0
float_area 19 0 0 0 0 0 0 0 0 0 0 0 0 0 0 0 0 0 0 0 0 0 0 0 0 0 0 0 0 0 0 0 0 0 0 0 0 0 0 0 0 0 0 0 0 0 0 0 0 0 0 0 0 0 0 0 0 0
delta 19 0 0 0 0 0 0 0 0 0 0 0 0 0 0 0 0 0 0 0 0 0 0 0 0 0 0 0 0 0 0 0 0 0 0 0 0 0 0 0 0 0 0 0 0 0 0 0 0 0 0 0 0 0 0 0 0 0
alloc 0
tile_diff 0
tile_cert 0
flip_stats 0
counts 7 327622685846 526984252026 418175054560654 12913157105860513 100804884359 0 10031
secs 17185.168692308092 16063.504027244002 30735.776539446924 1363.3445203960018 16690.850371011002
