mandelbrot tree result 1
base 1266 box -2 0.5 0 1.2 depth 15 safety 4 m 16 strata 2 max_iter 4294967296 seed 3 first_newton 8192 center_max_iter 16384 center_first_newton 8192 center_hint_newton 0 center_max_period 256 newton_max_period 256 newton_iters 30 newton_close2 inf newton_repel2 2.0000000000000004 newton_tol 1e-10 newton_margin 9.9999999999999995e-07 prec double rows -1 leaf_stats 0 tiles 0 flip_stats 0 roulette 8388608 1 2 ks 16384 32768 65536 131072 262144 524288 1048576 2097152 4194304 8388608 16777216 33554432 67108864 134217728 268435456 536870912 1073741824 2147483648 4294967288
shard 2 32
certified 304 11995 11995 11995 11995 11995 11995 11995 11995 11995 11995 11995 11995 11995 11995 11995 11995 11995 11995 11995 1551 1551 1551 1551 1551 1551 1551 1551 1551 1551 1551 1551 1551 1551 1551 1551 1551 1551 1551 3524 3524 3524 3524 3524 3524 3524 3524 3524 3524 3524 3524 3524 3524 3524 3524 3524 3524 3524 8063 8063 8063 8063 8063 8063 8063 8063 8063 8063 8063 8063 8063 8063 8063 8063 8063 8063 8063 20652 20652 20652 20652 20652 20652 20652 20652 20652 20652 20652 20652 20652 20652 20652 20652 20652 20652 20652 49524 49524 49524 49524 49524 49524 49524 49524 49524 49524 49524 49524 49524 49524 49524 49524 49524 49524 49524 121444 121444 121444 121444 121444 121444 121444 121444 121444 121444 121444 121444 121444 121444 121444 121444 121444 121444 121444 293772 293772 293772 293772 293772 293772 293772 293772 293772 293772 293772 293772 293772 293772 293772 293772 293772 293772 293772 653982 653982 653982 653982 653982 653982 653982 653982 653982 653982 653982 653982 653982 653982 653982 653982 653982 653982 653982 1362204 1362204 1362204 1362204 1362204 1362204 1362204 1362204 1362204 1362204 1362204 1362204 1362204 1362204 1362204 1362204 1362204 1362204 1362204 2741928 2741928 2741928 2741928 2741928 2741928 2741928 2741928 2741928 2741928 2741928 2741928 2741928 2741928 2741928 2741928 2741928 2741928 2741928 5433842 5433842 5433842 5433842 5433842 5433842 5433842 5433842 5433842 5433842 5433842 5433842 5433842 5433842 5433842 5433842 5433842 5433842 5433842 10384527 10384527 10384527 10384527 10384527 10384527 10384527 10384527 10384527 10384527 10384527 10384527 10384527 10384527 10384527 10384527 10384527 10384527 10384527 19743805 19743805 19743805 19743805 19743805 19743805 19743805 19743805 19743805 19743805 19743805 19743805 19743805 19743805 19743805 19743805 19743805 19743805 19743805 39466696 39466696 39466696 39466696 39466696 39466696 39466696 39466696 39466696 39466696 39466696 39466696 39466696 39466696 39466696 39466696 39466696 39466696 39466696 84078032 84078032 84078032 84078032 84078032 84078032 84078032 84078032 84078032 84078032 84078032 84078032 84078032 84078032 84078032 84078032 84078032 84078032 84078032
exact 16 44187 6761 18348 51786 171458 458708 1371254 4105817 12606345 38950988 123030426 397392716 1299157060 4291790741 14295227569 47987516482
area 19 155938660871 578511097027 2270459087745 140792009825 539445462449 2134875103977 133427223025 521299224575 2073330864667 129854856670 512717606306 2044664542260 128119607042 508570467566 2030900791862 127274904166 506519077826 2024071228802 126862788579 505481800219 2020576049137 126661306844 504947719202 2018742340200 126562537963 504668703803 2017762404143 126514047523 504521196407 2017231353035 126490174724 504466041180 2016963399460 126478405112 504435013084 2016812981332 126472600460 504429180028 2016740065676 126469726996 504425220508 2016698639948 126468302660 504428530444 2016681597436 126467595868 504430064476 2016672505500 126467246140 504433588348 2016670597180 126467071980 504435338652 2016669618620 126466981484 504437696092 2016670544572
diff 19 15146651046 23521622216 57579581828 7364786800 10960969382 25554992768 3572366355 5143570957 11518442365 1735249628 2426069240 5233937770 844702876 1148875556 2388501190 412115587 546118905 1093872721 201481735 260418883 502347351 98768881 124586307 231105047 48490440 59591870 105804064 23872799 52358905 71840593 11769612 25329528 33098320 5804652 23841520 26664944 2873464 11681824 12597888 1424336 11442816 11699072 706792 5667136 5732160 349728 5597184 5609984 174160 2786560 2791680 90496 2895872 2899968 0 0 0
float_area 19 0 0 0 0 0 0 0 0 0 0 0 0 0 0 0 0 0 0 0 0 0 0 0 0 0 0 0 0 0 0 0 0 0 0 0 0 0 0 0 0 0 0 0 0 0 0 0 0 0 0 0 0 0 0 0 0 0
delta 19 0 0 0 0 0 0 0 0 0 0 0 0 0 0 0 0 0 0 0 0 0 0 0 0 0 0 0 0 0 0 0 0 0 0 0 0 0 0 0 0 0 0 0 0 0 0 0 0 0 0 0 0 0 0 0 0 0
alloc 0
tile_diff 0
tile_cert 0
flip_stats 0
counts 7 334359095978 537081311952 441652717070373 13799037888467101 106541649927 0 9790
secs 19043.37660774904 17339.522201525018 31858.839598616953 1585.2760308989941 17762.646198809001
