mandelbrot tree result 1
base 1266 box -2 0.5 0 1.2 depth 15 safety 4 m 16 strata 2 max_iter 4294967296 seed 3 first_newton 8192 center_max_iter 16384 center_first_newton 8192 center_hint_newton 0 center_max_period 256 newton_max_period 256 newton_iters 30 newton_close2 inf newton_repel2 2.0000000000000004 newton_tol 1e-10 newton_margin 9.9999999999999995e-07 prec double rows -1 leaf_stats 0 tiles 0 flip_stats 0 roulette 8388608 1 2 ks 16384 32768 65536 131072 262144 524288 1048576 2097152 4194304 8388608 16777216 33554432 67108864 134217728 268435456 536870912 1073741824 2147483648 4294967288
shard 13 32
certified 304 11694 11694 11694 11694 11694 11694 11694 11694 11694 11694 11694 11694 11694 11694 11694 11694 11694 11694 11694 1465 1465 1465 1465 1465 1465 1465 1465 1465 1465 1465 1465 1465 1465 1465 1465 1465 1465 1465 3607 3607 3607 3607 3607 3607 3607 3607 3607 3607 3607 3607 3607 3607 3607 3607 3607 3607 3607 8336 8336 8336 8336 8336 8336 8336 8336 8336 8336 8336 8336 8336 8336 8336 8336 8336 8336 8336 18395 18395 18395 18395 18395 18395 18395 18395 18395 18395 18395 18395 18395 18395 18395 18395 18395 18395 18395 46465 46465 46465 46465 46465 46465 46465 46465 46465 46465 46465 46465 46465 46465 46465 46465 46465 46465 46465 121785 121785 121785 121785 121785 121785 121785 121785 121785 121785 121785 121785 121785 121785 121785 121785 121785 121785 121785 298755 298755 298755 298755 298755 298755 298755 298755 298755 298755 298755 298755 298755 298755 298755 298755 298755 298755 298755 675652 675652 675652 675652 675652 675652 675652 675652 675652 675652 675652 675652 675652 675652 675652 675652 675652 675652 675652 1423735 1423735 1423735 1423735 1423735 1423735 1423735 1423735 1423735 1423735 1423735 1423735 1423735 1423735 1423735 1423735 1423735 1423735 1423735 2921768 2921768 2921768 2921768 2921768 2921768 2921768 2921768 2921768 2921768 2921768 2921768 2921768 2921768 2921768 2921768 2921768 2921768 2921768 5905130 5905130 5905130 5905130 5905130 5905130 5905130 5905130 5905130 5905130 5905130 5905130 5905130 5905130 5905130 5905130 5905130 5905130 5905130 11328178 11328178 11328178 11328178 11328178 11328178 11328178 11328178 11328178 11328178 11328178 11328178 11328178 11328178 11328178 11328178 11328178 11328178 11328178 21566776 21566776 21566776 21566776 21566776 21566776 21566776 21566776 21566776 21566776 21566776 21566776 21566776 21566776 21566776 21566776 21566776 21566776 21566776 43450598 43450598 43450598 43450598 43450598 43450598 43450598 43450598 43450598 43450598 43450598 43450598 43450598 43450598 43450598 43450598 43450598 43450598 43450598 93339240 93339240 93339240 93339240 93339240 93339240 93339240 93339240 93339240 93339240 93339240 93339240 93339240 93339240 93339240 93339240 93339240 93339240 93339240
exact 16 44226 6957 19799 48697 144766 420700 1240351 3927595 12285354 39395653 126858784 413681582 1364585181 4546052192 15262306261 51608345920
area 19 158078732423 589545302517 2317219222347 143646277620 551940053236 2186003906080 136626637704 534567452628 2126921597412 133226132272 526393133068 2099597276520 131578115466 522456386310 2086534446992 130776878090 520511402722 2080062098060 130386175772 519528108310 2076750170138 130195171583 519021555411 2075011226143 130101591748 518756553154 2074080176806 130055644413 518616102855 2073574044729 130033041291 518563361185 2073317918165 130021902155 518533661445 2073174040481 130016399127 518527957045 2073104077929 130013685455 518524139669 2073064543649 130012336911 518527264357 2073048297217 130011669623 518528706821 2073039627585 130011340599 518532021349 2073037822529 130011178279 518533646533 2073036891521 130011097159 518535760773 2073037710849
diff 19 14432454803 22725725981 56542518497 7019639916 10525158058 24787014696 3400505432 4904632466 11023549230 1648016806 2297195814 4943660088 801237376 1082190658 2231164522 390702318 512576024 1012588776 191004189 243938103 461886199 93579835 116459175 211159883 45947335 55694307 96389313 22603122 49201960 66162976 11139136 23805032 30463296 5503028 22539888 24920944 2713672 11008672 11754464 1348544 10824064 11038464 667288 5348544 5398208 329024 5266432 5281280 162320 2597632 2601216 81120 2595840 2595840 0 0 0
float_area 19 0 0 0 0 0 0 0 0 0 0 0 0 0 0 0 0 0 0 0 0 0 0 0 0 0 0 0 0 0 0 0 0 0 0 0 0 0 0 0 0 0 0 0 0 0 0 0 0 0 0 0 0 0 0 0 0 0
delta 19 0 0 0 0 0 0 0 0 0 0 0 0 0 0 0 0 0 0 0 0 0 0 0 0 0 0 0 0 0 0 0 0 0 0 0 0 0 0 0 0 0 0 0 0 0 0 0 0 0 0 0 0 0 0 0 0 0
alloc 0
tile_diff 0
tile_cert 0
flip_stats 0
counts 7 371726559276 593474547512 468779063488907 14787833012169758 107795785350 0 10990
secs 19992.147797477021 18073.256515577057 34360.982870346073 1761.3956731070048 18906.356638762001
