mandelbrot tree result 1
base 1266 box -2 0.5 0 1.2 depth 15 safety 4 m 16 strata 2 max_iter 4294967296 seed 3 first_newton 8192 center_max_iter 16384 center_first_newton 8192 center_hint_newton 0 center_max_period 256 newton_max_period 256 newton_iters 30 newton_close2 inf newton_repel2 2.0000000000000004 newton_tol 1e-10 newton_margin 9.9999999999999995e-07 prec double rows -1 leaf_stats 0 tiles 0 flip_stats 0 roulette 8388608 1 2 ks 16384 32768 65536 131072 262144 524288 1048576 2097152 4194304 8388608 16777216 33554432 67108864 134217728 268435456 536870912 1073741824 2147483648 4294967288
shard 25 32
certified 304 11437 11437 11437 11437 11437 11437 11437 11437 11437 11437 11437 11437 11437 11437 11437 11437 11437 11437 11437 1354 1354 1354 1354 1354 1354 1354 1354 1354 1354 1354 1354 1354 1354 1354 1354 1354 1354 1354 3722 3722 3722 3722 3722 3722 3722 3722 3722 3722 3722 3722 3722 3722 3722 3722 3722 3722 3722 9201 9201 9201 9201 9201 9201 9201 9201 9201 9201 9201 9201 9201 9201 9201 9201 9201 9201 9201 21057 21057 21057 21057 21057 21057 21057 21057 21057 21057 21057 21057 21057 21057 21057 21057 21057 21057 21057 48778 48778 48778 48778 48778 48778 48778 48778 48778 48778 48778 48778 48778 48778 48778 48778 48778 48778 48778 115515 115515 115515 115515 115515 115515 115515 115515 115515 115515 115515 115515 115515 115515 115515 115515 115515 115515 115515 278807 278807 278807 278807 278807 278807 278807 278807 278807 278807 278807 278807 278807 278807 278807 278807 278807 278807 278807 632095 632095 632095 632095 632095 632095 632095 632095 632095 632095 632095 632095 632095 632095 632095 632095 632095 632095 632095 1321485 1321485 1321485 1321485 1321485 1321485 1321485 1321485 1321485 1321485 1321485 1321485 1321485 1321485 1321485 1321485 1321485 1321485 1321485 2635791 2635791 2635791 2635791 2635791 2635791 2635791 2635791 2635791 2635791 2635791 2635791 2635791 2635791 2635791 2635791 2635791 2635791 2635791 5235247 5235247 5235247 5235247 5235247 5235247 5235247 5235247 5235247 5235247 5235247 5235247 5235247 5235247 5235247 5235247 5235247 5235247 5235247 9957579 9957579 9957579 9957579 9957579 9957579 9957579 9957579 9957579 9957579 9957579 9957579 9957579 9957579 9957579 9957579 9957579 9957579 9957579 18693797 18693797 18693797 18693797 18693797 18693797 18693797 18693797 18693797 18693797 18693797 18693797 18693797 18693797 18693797 18693797 18693797 18693797 18693797 37051605 37051605 37051605 37051605 37051605 37051605 37051605 37051605 37051605 37051605 37051605 37051605 37051605 37051605 37051605 37051605 37051605 37051605 37051605 78421611 78421611 78421611 78421611 78421611 78421611 78421611 78421611 78421611 78421611 78421611 78421611 78421611 78421611 78421611 78421611 78421611 78421611 78421611
exact 16 43182 6681 17755 51994 146450 422313 1273356 3812449 11734639 37217015 120243075 390682123 1279405205 4240474894 14162128131 47617337109
area 19 151877360835 565323945461 2220683062609 137717333014 528717739216 2093499983576 130829987621 511698825327 2035697155233 127485101381 503642511151 2008751306269 125859077813 499746675955 1995807589005 125067628307 497818782929 1989381264125 124681778736 496843662214 1986090258638 124493225957 496341230483 1984361874717 124400885954 496078627484 1983437398322 124355579386 495939663668 1982935882754 124333277660 495887445054 1982682272436 124322287108 495858084874 1982539933012 124316860430 495852414406 1982470698216 124314178526 495848659766 1982431681080 124312851166 495851732390 1982415714248 124312191502 495853160534 1982407167112 124311859278 495856518806 1982405357384 124311697966 495858138518 1982404431528 124311615886 495860266646 1982405233896
diff 19 14160027821 22011328863 53947044897 6887345393 10264696643 23973154563 3344886240 4821619100 10814909032 1626023568 2274633052 4911441228 791449506 1076316030 2237773950 385849571 510871361 1022377737 188552779 243335179 468416629 92340003 116175637 214699639 45306568 55505216 97995224 22301726 48801802 66623362 10990552 23600640 30646560 5426678 22258452 24796244 2681904 10892576 11700192 1327360 10657920 10878464 659664 5288320 5346048 332224 5319168 5332480 161312 2581504 2586624 82080 2626560 2626560 0 0 0
float_area 19 0 0 0 0 0 0 0 0 0 0 0 0 0 0 0 0 0 0 0 0 0 0 0 0 0 0 0 0 0 0 0 0 0 0 0 0 0 0 0 0 0 0 0 0 0 0 0 0 0 0 0 0 0 0 0 0 0
delta 19 0 0 0 0 0 0 0 0 0 0 0 0 0 0 0 0 0 0 0 0 0 0 0 0 0 0 0 0 0 0 0 0 0 0 0 0 0 0 0 0 0 0 0 0 0 0 0 0 0 0 0 0 0 0 0 0 0
alloc 0
tile_diff 0
tile_cert 0
flip_stats 0
counts 7 328781121471 528861473998 426261957973529 13235426263528912 103772004070 0 10065
secs 18342.875486099107 16395.93720572297 31404.058505125005 1681.3500556569982 17329.626316379999
