mandelbrot tree result 1
base 1266 box -2 0.5 0 1.2 depth 15 safety 4 m 16 strata 2 max_iter 4294967296 seed 3 first_newton 8192 center_max_iter 16384 center_first_newton 8192 center_hint_newton 0 center_max_period 256 newton_max_period 256 newton_iters 30 newton_close2 inf newton_repel2 2.0000000000000004 newton_tol 1e-10 newton_margin 9.9999999999999995e-07 prec double rows -1 leaf_stats 0 tiles 0 flip_stats 0 roulette 8388608 1 2 ks 16384 32768 65536 131072 262144 524288 1048576 2097152 4194304 8388608 16777216 33554432 67108864 134217728 268435456 536870912 1073741824 2147483648 4294967288
shard 29 32
certified 304 11339 11339 11339 11339 11339 11339 11339 11339 11339 11339 11339 11339 11339 11339 11339 11339 11339 11339 11339 1419 1419 1419 1419 1419 1419 1419 1419 1419 1419 1419 1419 1419 1419 1419 1419 1419 1419 1419 3344 3344 3344 3344 3344 3344 3344 3344 3344 3344 3344 3344 3344 3344 3344 3344 3344 3344 3344 8267 8267 8267 8267 8267 8267 8267 8267 8267 8267 8267 8267 8267 8267 8267 8267 8267 8267 8267 21491 21491 21491 21491 21491 21491 21491 21491 21491 21491 21491 21491 21491 21491 21491 21491 21491 21491 21491 51464 51464 51464 51464 51464 51464 51464 51464 51464 51464 51464 51464 51464 51464 51464 51464 51464 51464 51464 119177 119177 119177 119177 119177 119177 119177 119177 119177 119177 119177 119177 119177 119177 119177 119177 119177 119177 119177 284969 284969 284969 284969 284969 284969 284969 284969 284969 284969 284969 284969 284969 284969 284969 284969 284969 284969 284969 645508 645508 645508 645508 645508 645508 645508 645508 645508 645508 645508 645508 645508 645508 645508 645508 645508 645508 645508 1349713 1349713 1349713 1349713 1349713 1349713 1349713 1349713 1349713 1349713 1349713 1349713 1349713 1349713 1349713 1349713 1349713 1349713 1349713 2710735 2710735 2710735 2710735 2710735 2710735 2710735 2710735 2710735 2710735 2710735 2710735 2710735 2710735 2710735 2710735 2710735 2710735 2710735 5447193 5447193 5447193 5447193 5447193 5447193 5447193 5447193 5447193 5447193 5447193 5447193 5447193 5447193 5447193 5447193 5447193 5447193 5447193 10563852 10563852 10563852 10563852 10563852 10563852 10563852 10563852 10563852 10563852 10563852 10563852 10563852 10563852 10563852 10563852 10563852 10563852 10563852 20463413 20463413 20463413 20463413 20463413 20463413 20463413 20463413 20463413 20463413 20463413 20463413 20463413 20463413 20463413 20463413 20463413 20463413 20463413 42334788 42334788 42334788 42334788 42334788 42334788 42334788 42334788 42334788 42334788 42334788 42334788 42334788 42334788 42334788 42334788 42334788 42334788 42334788 94782528 94782528 94782528 94782528 94782528 94782528 94782528 94782528 94782528 94782528 94782528 94782528 94782528 94782528 94782528 94782528 94782528 94782528 94782528
exact 16 43217 6689 18370 50008 142235 393249 1235951 3745968 11930756 37644870 120154105 390886437 1286986225 4269036503 14278273603 48025535054
area 19 161583607420 602314603292 2366868915480 146790315001 564099262327 2234142708209 139610428341 546342676933 2173810349685 136121347262 537935748246 2145686289066 134425338711 533870228179 2132174912011 133599833486 531858058750 2125465626426 133197181501 530839744023 2122027720325 133000367657 530314960159 2120221763281 132903943683 530040526143 2119255362207 132856602609 529895249219 2118730959567 132833306581 529840723417 2118466070103 132821823297 529810068597 2118317425403 132816157109 529804166877 2118245170435 132813353233 529800229237 2118204423883 132811961817 529803450997 2118187703899 132811272281 529804937173 2118178803291 132810932937 529808349301 2118176936763 132810761449 529810066165 2118175950011 132810676521 529812281717 2118176832891
diff 19 14793292419 22985386001 56304900191 7179886660 10707207018 25023270320 3489081079 5031884847 11292206447 1696008551 2373945571 5129850567 825505225 1123403985 2337817419 402651985 533519785 1068905695 196813844 254206740 490007944 96423974 121417744 224707524 47341074 58040656 102612314 23296028 51011974 69709346 11483284 24666864 32043504 5666188 23249616 25913808 2803876 11384112 12226512 1391416 11173824 11409856 689536 5525248 5589120 339344 5431040 5441280 171488 2744320 2746368 84928 2717696 2721792 0 0 0
float_area 19 0 0 0 0 0 0 0 0 0 0 0 0 0 0 0 0 0 0 0 0 0 0 0 0 0 0 0 0 0 0 0 0 0 0 0 0 0 0 0 0 0 0 0 0 0 0 0 0 0 0 0 0 0 0 0 0 0
delta 19 0 0 0 0 0 0 0 0 0 0 0 0 0 0 0 0 0 0 0 0 0 0 0 0 0 0 0 0 0 0 0 0 0 0 0 0 0 0 0 0 0 0 0 0 0 0 0 0 0 0 0 0 0 0 0 0 0
alloc 0
tile_diff 0
tile_cert 0
flip_stats 0
counts 7 336675647990 540135625182 450001522923894 13873680484565831 110704239894 0 10170
secs 18228.801325719014 16008.743133211019 33457.924276880025 1651.5422195669953 18045.556316996001
