mandelbrot tree result 1
base 1266 box -2 0.5 0 1.2 depth 15 safety 4 m 16 strata 2 max_iter 4294967296 seed 3 first_newton 8192 center_max_iter 16384 center_first_newton 8192 center_hint_newton 0 center_max_period 256 newton_max_period 256 newton_iters 30 newton_close2 inf newton_repel2 2.0000000000000004 newton_tol 1e-10 newton_margin 9.9999999999999995e-07 prec double rows -1 leaf_stats 0 tiles 0 flip_stats 0 roulette 8388608 1 2 ks 16384 32768 65536 131072 262144 524288 1048576 2097152 4194304 8388608 16777216 33554432 67108864 134217728 268435456 536870912 1073741824 2147483648 4294967288
shard 0 32
certified 304 12045 12045 12045 12045 12045 12045 12045 12045 12045 12045 12045 12045 12045 12045 12045 12045 12045 12045 12045 1595 1595 1595 1595 1595 1595 1595 1595 1595 1595 1595 1595 1595 1595 1595 1595 1595 1595 1595 3357 3357 3357 3357 3357 3357 3357 3357 3357 3357 3357 3357 3357 3357 3357 3357 3357 3357 3357 9173 9173 9173 9173 9173 9173 9173 9173 9173 9173 9173 9173 9173 9173 9173 9173 9173 9173 9173 20027 20027 20027 20027 20027 20027 20027 20027 20027 20027 20027 20027 20027 20027 20027 20027 20027 20027 20027 48804 48804 48804 48804 48804 48804 48804 48804 48804 48804 48804 48804 48804 48804 48804 48804 48804 48804 48804 123661 123661 123661 123661 123661 123661 123661 123661 123661 123661 123661 123661 123661 123661 123661 123661 123661 123661 123661 301851 301851 301851 301851 301851 301851 301851 301851 301851 301851 301851 301851 301851 301851 301851 301851 301851 301851 301851 676560 676560 676560 676560 676560 676560 676560 676560 676560 676560 676560 676560 676560 676560 676560 676560 676560 676560 676560 1429343 1429343 1429343 1429343 1429343 1429343 1429343 1429343 1429343 1429343 1429343 1429343 1429343 1429343 1429343 1429343 1429343 1429343 1429343 2933113 2933113 2933113 2933113 2933113 2933113 2933113 2933113 2933113 2933113 2933113 2933113 2933113 2933113 2933113 2933113 2933113 2933113 2933113 5930431 5930431 5930431 5930431 5930431 5930431 5930431 5930431 5930431 5930431 5930431 5930431 5930431 5930431 5930431 5930431 5930431 5930431 5930431 11559686 11559686 11559686 11559686 11559686 11559686 11559686 11559686 11559686 11559686 11559686 11559686 11559686 11559686 11559686 11559686 11559686 11559686 11559686 22543660 22543660 22543660 22543660 22543660 22543660 22543660 22543660 22543660 22543660 22543660 22543660 22543660 22543660 22543660 22543660 22543660 22543660 22543660 45991197 45991197 45991197 45991197 45991197 45991197 45991197 45991197 45991197 45991197 45991197 45991197 45991197 45991197 45991197 45991197 45991197 45991197 45991197 99848585 99848585 99848585 99848585 99848585 99848585 99848585 99848585 99848585 99848585 99848585 99848585 99848585 99848585 99848585 99848585 99848585 99848585 99848585
exact 16 44135 6883 18521 51596 137909 453501 1492910 4588248 14044712 43273466 136103195 435263451 1408513774 4613393564 15252967425 50882346078
area 19 154120562324 571853110778 2244383839192 139195219902 533573409220 2111895327756 131997829206 515855225000 2051843779446 128516501903 507476047211 2023835129343 126826323995 503421733319 2010358872819 126003472766 501413624978 2003659289410 125601904455 500397088705 2000225277813 125405482653 499873390639 1998422680489 125309224191 499599984127 1997460228297 125261932388 499455625676 1996939657262 125238662247 499401890881 1996678303865 125227192001 499371778789 1996532153821 125221528341 499366156053 1996461348581 125218722417 499362332517 1996421120005 125217332633 499365588949 1996404630613 125216644001 499367071621 1996395742693 125216306369 499370473797 1996393911941 125216136801 499372176581 1996392954021 125216051617 499374396613 1996393836325
diff 19 14925342422 23080770132 56234223834 7197390696 10688445504 24850616346 3481327303 5008539105 11202502743 1690177908 2363316368 5097950768 822851229 1120035363 2330746663 401568311 532811385 1069251131 196421802 254293230 491731572 96258462 121589688 226112556 47291803 58225917 103670983 23270141 51108605 70362341 11470246 24731676 32451196 5663660 23274128 26103152 2805924 11414864 12338864 1389784 11166656 11432384 688632 5520448 5586496 337632 5404672 5419520 169568 2713600 2716672 85184 2727936 2727936 0 0 0
float_area 19 0 0 0 0 0 0 0 0 0 0 0 0 0 0 0 0 0 0 0 0 0 0 0 0 0 0 0 0 0 0 0 0 0 0 0 0 0 0 0 0 0 0 0 0 0 0 0 0 0 0 0 0 0 0 0 0 0
delta 19 0 0 0 0 0 0 0 0 0 0 0 0 0 0 0 0 0 0 0 0 0 0 0 0 0 0 0 0 0 0 0 0 0 0 0 0 0 0 0 0 0 0 0 0 0 0 0 0 0 0 0 0 0 0 0 0 0
alloc 0
tile_diff 0
tile_cert 0
flip_stats 0
counts 7 348466272094 561678611736 447105647278191 13602164105620059 110475679742 0 9458
secs 17809.785367868979 15898.19065801298 33444.843312985009 1566.0284367670019 17930.607543686001
