mandelbrot tree result 1
base 1266 box -2 0.5 0 1.2 depth 15 safety 4 m 16 strata 2 max_iter 4294967296 seed 3 first_newton 8192 center_max_iter 16384 center_first_newton 8192 center_hint_newton 0 center_max_period 256 newton_max_period 256 newton_iters 30 newton_close2 inf newton_repel2 2.0000000000000004 newton_tol 1e-10 newton_margin 9.9999999999999995e-07 prec double rows -1 leaf_stats 0 tiles 0 flip_stats 0 roulette 8388608 1 2 ks 16384 32768 65536 131072 262144 524288 1048576 2097152 4194304 8388608 16777216 33554432 67108864 134217728 268435456 536870912 1073741824 2147483648 4294967288
shard 14 32
certified 304 11669 11669 11669 11669 11669 11669 11669 11669 11669 11669 11669 11669 11669 11669 11669 11669 11669 11669 11669 1493 1493 1493 1493 1493 1493 1493 1493 1493 1493 1493 1493 1493 1493 1493 1493 1493 1493 1493 3600 3600 3600 3600 3600 3600 3600 3600 3600 3600 3600 3600 3600 3600 3600 3600 3600 3600 3600 8041 8041 8041 8041 8041 8041 8041 8041 8041 8041 8041 8041 8041 8041 8041 8041 8041 8041 8041 20521 20521 20521 20521 20521 20521 20521 20521 20521 20521 20521 20521 20521 20521 20521 20521 20521 20521 20521 52359 52359 52359 52359 52359 52359 52359 52359 52359 52359 52359 52359 52359 52359 52359 52359 52359 52359 52359 116203 116203 116203 116203 116203 116203 116203 116203 116203 116203 116203 116203 116203 116203 116203 116203 116203 116203 116203 270457 270457 270457 270457 270457 270457 270457 270457 270457 270457 270457 270457 270457 270457 270457 270457 270457 270457 270457 602875 602875 602875 602875 602875 602875 602875 602875 602875 602875 602875 602875 602875 602875 602875 602875 602875 602875 602875 1301816 1301816 1301816 1301816 1301816 1301816 1301816 1301816 1301816 1301816 1301816 1301816 1301816 1301816 1301816 1301816 1301816 1301816 1301816 2691079 2691079 2691079 2691079 2691079 2691079 2691079 2691079 2691079 2691079 2691079 2691079 2691079 2691079 2691079 2691079 2691079 2691079 2691079 5437826 5437826 5437826 5437826 5437826 5437826 5437826 5437826 5437826 5437826 5437826 5437826 5437826 5437826 5437826 5437826 5437826 5437826 5437826 10431236 10431236 10431236 10431236 10431236 10431236 10431236 10431236 10431236 10431236 10431236 10431236 10431236 10431236 10431236 10431236 10431236 10431236 10431236 19957636 19957636 19957636 19957636 19957636 19957636 19957636 19957636 19957636 19957636 19957636 19957636 19957636 19957636 19957636 19957636 19957636 19957636 19957636 39735279 39735279 39735279 39735279 39735279 39735279 39735279 39735279 39735279 39735279 39735279 39735279 39735279 39735279 39735279 39735279 39735279 39735279 39735279 83488315 83488315 83488315 83488315 83488315 83488315 83488315 83488315 83488315 83488315 83488315 83488315 83488315 83488315 83488315 83488315 83488315 83488315 83488315
exact 16 44238 7043 19297 47358 146679 423855 1292623 3972748 12305876 39239101 127057965 415438607 1368341320 4556143197 15291038964 51609595651
area 19 147700610946 550536042000 2163408128320 134180544977 515721680041 2042656764303 127662483942 499638120200 1988068991560 124511151178 492043656820 1962664147356 122981569038 488371596888 1950454078322 122237364546 486553044790 1944384434172 121874387312 485632048162 1941270978300 121697001251 485157264493 1939634667575 121610097776 484908906180 1938758839584 121567438920 484777384314 1938283358830 121546459978 484727899784 1938042935116 121536114406 484700060980 1937907964928 121531012138 484694649996 1937842456008 121528484838 484691067948 1937805552520 121527234070 484693970396 1937790487160 121526612726 484695322924 1937782433640 121526304758 484698423020 1937780739912 121526149622 484699977004 1937779842216 121526075350 484701907116 1937780601064
diff 19 13520065969 20999580679 51435075423 6518061035 9704131213 22641556201 3151332764 4537127640 10163145334 1529582140 2136744472 4606062916 744204492 1010472894 2096595882 362977234 479867282 958125604 177386061 228580709 438924481 86903475 109189395 201273813 42658856 52177848 91885874 20978942 45852674 62400778 10345572 22195208 28726104 5102268 20922096 23267248 2527300 10258832 10991440 1250768 10045440 10249472 621344 4978688 5031680 307968 4930560 4942848 155136 2482688 2486272 74272 2376704 2376704 0 0 0
float_area 19 0 0 0 0 0 0 0 0 0 0 0 0 0 0 0 0 0 0 0 0 0 0 0 0 0 0 0 0 0 0 0 0 0 0 0 0 0 0 0 0 0 0 0 0 0 0 0 0 0 0 0 0 0 0 0 0 0
delta 19 0 0 0 0 0 0 0 0 0 0 0 0 0 0 0 0 0 0 0 0 0 0 0 0 0 0 0 0 0 0 0 0 0 0 0 0 0 0 0 0 0 0 0 0 0 0 0 0 0 0 0 0 0 0 0 0 0
alloc 0
tile_diff 0
tile_cert 0
flip_stats 0
counts 7 363048866397 581965291012 433867397841223 13014965591498562 101910820241 0 10757
secs 18813.793049437125 17584.252342761971 29972.316993276996 1337.1528810439959 16974.349794672002
