mandelbrot tree result 1
base 1266 box -2 0.5 0 1.2 depth 15 safety 4 m 16 strata 2 max_iter 4294967296 seed 3 first_newton 8192 center_max_iter 16384 center_first_newton 8192 center_hint_newton 0 center_max_period 256 newton_max_period 256 newton_iters 30 newton_close2 inf newton_repel2 2.0000000000000004 newton_tol 1e-10 newton_margin 9.9999999999999995e-07 prec double rows -1 leaf_stats 0 tiles 0 flip_stats 0 roulette 8388608 1 2 ks 16384 32768 65536 131072 262144 524288 1048576 2097152 4194304 8388608 16777216 33554432 67108864 134217728 268435456 536870912 1073741824 2147483648 4294967288
shard 11 32
certified 304 11739 11739 11739 11739 11739 11739 11739 11739 11739 11739 11739 11739 11739 11739 11739 11739 11739 11739 11739 1491 1491 1491 1491 1491 1491 1491 1491 1491 1491 1491 1491 1491 1491 1491 1491 1491 1491 1491 3215 3215 3215 3215 3215 3215 3215 3215 3215 3215 3215 3215 3215 3215 3215 3215 3215 3215 3215 10378 10378 10378 10378 10378 10378 10378 10378 10378 10378 10378 10378 10378 10378 10378 10378 10378 10378 10378 23955 23955 23955 23955 23955 23955 23955 23955 23955 23955 23955 23955 23955 23955 23955 23955 23955 23955 23955 61466 61466 61466 61466 61466 61466 61466 61466 61466 61466 61466 61466 61466 61466 61466 61466 61466 61466 61466 145506 145506 145506 145506 145506 145506 145506 145506 145506 145506 145506 145506 145506 145506 145506 145506 145506 145506 145506 333585 333585 333585 333585 333585 333585 333585 333585 333585 333585 333585 333585 333585 333585 333585 333585 333585 333585 333585 732757 732757 732757 732757 732757 732757 732757 732757 732757 732757 732757 732757 732757 732757 732757 732757 732757 732757 732757 1521256 1521256 1521256 1521256 1521256 1521256 1521256 1521256 1521256 1521256 1521256 1521256 1521256 1521256 1521256 1521256 1521256 1521256 1521256 3050503 3050503 3050503 3050503 3050503 3050503 3050503 3050503 3050503 3050503 3050503 3050503 3050503 3050503 3050503 3050503 3050503 3050503 3050503 6100604 6100604 6100604 6100604 6100604 6100604 6100604 6100604 6100604 6100604 6100604 6100604 6100604 6100604 6100604 6100604 6100604 6100604 6100604 11517092 11517092 11517092 11517092 11517092 11517092 11517092 11517092 11517092 11517092 11517092 11517092 11517092 11517092 11517092 11517092 11517092 11517092 11517092 21718333 21718333 21718333 21718333 21718333 21718333 21718333 21718333 21718333 21718333 21718333 21718333 21718333 21718333 21718333 21718333 21718333 21718333 21718333 43223103 43223103 43223103 43223103 43223103 43223103 43223103 43223103 43223103 43223103 43223103 43223103 43223103 43223103 43223103 43223103 43223103 43223103 43223103 92441758 92441758 92441758 92441758 92441758 92441758 92441758 92441758 92441758 92441758 92441758 92441758 92441758 92441758 92441758 92441758 92441758 92441758 92441758
exact 16 44204 6853 19877 53566 147329 451788 1275366 3822239 11793594 36928385 117798360 384158848 1263236814 4202836007 14083815202 47499047016
area 19 180533174079 671303341655 2636252029515 163498539736 627368962480 2483763874794 155227232022 606987304238 2414629689096 151216363404 597360638002 2382485139584 149269998474 592712144576 2367064106150 148323216837 590412891749 2359410459013 147861219336 589249370828 2355489511060 147635284369 588649729019 2353430062945 147524543739 588336206607 2352328227105 147470165920 588170392402 2351730840790 147443401063 588108469519 2351429874031 147430212219 588073730183 2351261367131 147423703355 588067225607 2351179810659 147420475959 588062833119 2351133501275 147418886183 588066555663 2351114616187 147418093407 588068268847 2351104351195 147417703327 588072194767 2351102203995 147417510559 588074127727 2351101093371 147417413183 588076661871 2351102071035
diff 19 17034634343 26463798709 64819152581 8271307714 12314696208 28726963026 4010868618 5772224724 12920215668 1946364930 2718437248 5856846452 946781637 1285855051 2668149065 461997501 611030261 1220687847 225934967 291304363 559823121 110740630 139221748 256906042 54377819 66574891 117452445 26764857 58591949 79996661 13188844 28349944 36899824 6508864 26733056 29882432 3227396 13118576 14136048 1589776 12772992 13059968 792776 6353984 6423232 390080 6244864 6267392 192768 3084800 3087872 97376 3116032 3122176 0 0 0
float_area 19 0 0 0 0 0 0 0 0 0 0 0 0 0 0 0 0 0 0 0 0 0 0 0 0 0 0 0 0 0 0 0 0 0 0 0 0 0 0 0 0 0 0 0 0 0 0 0 0 0 0 0 0 0 0 0 0 0
delta 19 0 0 0 0 0 0 0 0 0 0 0 0 0 0 0 0 0 0 0 0 0 0 0 0 0 0 0 0 0 0 0 0 0 0 0 0 0 0 0 0 0 0 0 0 0 0 0 0 0 0 0 0 0 0 0 0 0
alloc 0
tile_diff 0
tile_cert 0
flip_stats 0
counts 7 346520554784 552167970096 499919039097478 15641399176308602 122182345574 0 10105
secs 21342.288837228942 20048.432684177969 36157.100722766038 1793.6224872460036 19971.038477012
