mandelbrot tree result 1
base 1266 box -2 0.5 0 1.2 depth 15 safety 4 m 16 strata 2 max_iter 4294967296 seed 3 first_newton 8192 center_max_iter 16384 center_first_newton 8192 center_hint_newton 0 center_max_period 256 newton_max_period 256 newton_iters 30 newton_close2 inf newton_repel2 2.0000000000000004 newton_tol 1e-10 newton_margin 9.9999999999999995e-07 prec double rows -1 leaf_stats 0 tiles 0 flip_stats 0 roulette 8388608 1 2 ks 16384 32768 65536 131072 262144 524288 1048576 2097152 4194304 8388608 16777216 33554432 67108864 134217728 268435456 536870912 1073741824 2147483648 4294967288
shard 20 32
certified 304 11516 11516 11516 11516 11516 11516 11516 11516 11516 11516 11516 11516 11516 11516 11516 11516 11516 11516 11516 1590 1590 1590 1590 1590 1590 1590 1590 1590 1590 1590 1590 1590 1590 1590 1590 1590 1590 1590 3375 3375 3375 3375 3375 3375 3375 3375 3375 3375 3375 3375 3375 3375 3375 3375 3375 3375 3375 7740 7740 7740 7740 7740 7740 7740 7740 7740 7740 7740 7740 7740 7740 7740 7740 7740 7740 7740 18691 18691 18691 18691 18691 18691 18691 18691 18691 18691 18691 18691 18691 18691 18691 18691 18691 18691 18691 46935 46935 46935 46935 46935 46935 46935 46935 46935 46935 46935 46935 46935 46935 46935 46935 46935 46935 46935 116715 116715 116715 116715 116715 116715 116715 116715 116715 116715 116715 116715 116715 116715 116715 116715 116715 116715 116715 280414 280414 280414 280414 280414 280414 280414 280414 280414 280414 280414 280414 280414 280414 280414 280414 280414 280414 280414 636266 636266 636266 636266 636266 636266 636266 636266 636266 636266 636266 636266 636266 636266 636266 636266 636266 636266 636266 1301698 1301698 1301698 1301698 1301698 1301698 1301698 1301698 1301698 1301698 1301698 1301698 1301698 1301698 1301698 1301698 1301698 1301698 1301698 2594728 2594728 2594728 2594728 2594728 2594728 2594728 2594728 2594728 2594728 2594728 2594728 2594728 2594728 2594728 2594728 2594728 2594728 2594728 5123981 5123981 5123981 5123981 5123981 5123981 5123981 5123981 5123981 5123981 5123981 5123981 5123981 5123981 5123981 5123981 5123981 5123981 5123981 9694851 9694851 9694851 9694851 9694851 9694851 9694851 9694851 9694851 9694851 9694851 9694851 9694851 9694851 9694851 9694851 9694851 9694851 9694851 18255728 18255728 18255728 18255728 18255728 18255728 18255728 18255728 18255728 18255728 18255728 18255728 18255728 18255728 18255728 18255728 18255728 18255728 18255728 36184922 36184922 36184922 36184922 36184922 36184922 36184922 36184922 36184922 36184922 36184922 36184922 36184922 36184922 36184922 36184922 36184922 36184922 36184922 76510034 76510034 76510034 76510034 76510034 76510034 76510034 76510034 76510034 76510034 76510034 76510034 76510034 76510034 76510034 76510034 76510034 76510034 76510034
exact 16 43046 7120 16648 52085 148005 441578 1323184 4127551 12478300 38712162 123705901 400644972 1316296177 4351869257 14532430837 48843334728
area 19 148378624982 552224342428 2169142709328 134526955558 516399028136 2044649431740 127779976388 499711714662 1987950482844 124496637365 491798610125 1961475359419 122898276172 487969412218 1948752667854 122119853984 486074080822 1942435942222 121740106955 485115100531 1939200295447 121554469138 484621017942 1937501230708 121463519594 484362768612 1936592587880 121418849238 484226023902 1936099340940 121396876462 484174703802 1935850104972 121386048758 484145785738 1935709955020 121380701818 484140166506 1935641648148 121378062290 484136434386 1935603108868 121376749202 484139474050 1935587299604 121376099826 484140871010 1935578886916 121375777634 484144115682 1935577138916 121375620802 484145691970 1935576257956 121375542178 484147739778 1935577078244
diff 19 13851669424 21533199468 52776914258 6746979170 10057228064 23492867530 3283339023 4734382729 10623429573 1598361193 2236103435 4828808877 778422188 1058607124 2200772608 379747029 502802271 1006215365 185637817 239582847 461231941 90949544 114479702 211680224 44670356 54764846 96824736 21972776 48117920 65755280 10827704 23254560 30221552 5346940 21930928 24410544 2639528 10710688 11495424 1313088 10543744 10755712 649376 5203712 5258752 322192 5156096 5168384 156832 2509312 2512384 78624 2515968 2515968 0 0 0
float_area 19 0 0 0 0 0 0 0 0 0 0 0 0 0 0 0 0 0 0 0 0 0 0 0 0 0 0 0 0 0 0 0 0 0 0 0 0 0 0 0 0 0 0 0 0 0 0 0 0 0 0 0 0 0 0 0 0 0
delta 19 0 0 0 0 0 0 0 0 0 0 0 0 0 0 0 0 0 0 0 0 0 0 0 0 0 0 0 0 0 0 0 0 0 0 0 0 0 0 0 0 0 0 0 0 0 0 0 0 0 0 0 0 0 0 0 0 0
alloc 0
tile_diff 0
tile_cert 0
flip_stats 0
counts 7 338038807316 543552568698 422838869375329 13252263135042886 100428988134 0 10350
secs 18342.043778035018 16094.999736949954 30407.086598111939 1760.6972621300017 17166.010460582998
