mandelbrot tree result 1
base 1266 box -2 0.5 0 1.2 depth 15 safety 4 m 16 strata 2 max_iter 4294967296 seed 3 first_newton 8192 center_max_iter 16384 center_first_newton 8192 center_hint_newton 0 center_max_period 256 newton_max_period 256 newton_iters 30 newton_close2 inf newton_repel2 2.0000000000000004 newton_tol 1e-10 newton_margin 9.9999999999999995e-07 prec double rows -1 leaf_stats 0 tiles 0 flip_stats 0 roulette 8388608 1 2 ks 16384 32768 65536 131072 262144 524288 1048576 2097152 4194304 8388608 16777216 33554432 67108864 134217728 268435456 536870912 1073741824 2147483648 4294967288
shard 3 32
certified 304 11952 11952 11952 11952 11952 11952 11952 11952 11952 11952 11952 11952 11952 11952 11952 11952 11952 11952 11952 1564 1564 1564 1564 1564 1564 1564 1564 1564 1564 1564 1564 1564 1564 1564 1564 1564 1564 1564 3692 3692 3692 3692 3692 3692 3692 3692 3692 3692 3692 3692 3692 3692 3692 3692 3692 3692 3692 8560 8560 8560 8560 8560 8560 8560 8560 8560 8560 8560 8560 8560 8560 8560 8560 8560 8560 8560 20722 20722 20722 20722 20722 20722 20722 20722 20722 20722 20722 20722 20722 20722 20722 20722 20722 20722 20722 48758 48758 48758 48758 48758 48758 48758 48758 48758 48758 48758 48758 48758 48758 48758 48758 48758 48758 48758 119107 119107 119107 119107 119107 119107 119107 119107 119107 119107 119107 119107 119107 119107 119107 119107 119107 119107 119107 282214 282214 282214 282214 282214 282214 282214 282214 282214 282214 282214 282214 282214 282214 282214 282214 282214 282214 282214 633735 633735 633735 633735 633735 633735 633735 633735 633735 633735 633735 633735 633735 633735 633735 633735 633735 633735 633735 1343617 1343617 1343617 1343617 1343617 1343617 1343617 1343617 1343617 1343617 1343617 1343617 1343617 1343617 1343617 1343617 1343617 1343617 1343617 2724032 2724032 2724032 2724032 2724032 2724032 2724032 2724032 2724032 2724032 2724032 2724032 2724032 2724032 2724032 2724032 2724032 2724032 2724032 5462266 5462266 5462266 5462266 5462266 5462266 5462266 5462266 5462266 5462266 5462266 5462266 5462266 5462266 5462266 5462266 5462266 5462266 5462266 10486808 10486808 10486808 10486808 10486808 10486808 10486808 10486808 10486808 10486808 10486808 10486808 10486808 10486808 10486808 10486808 10486808 10486808 10486808 20056584 20056584 20056584 20056584 20056584 20056584 20056584 20056584 20056584 20056584 20056584 20056584 20056584 20056584 20056584 20056584 20056584 20056584 20056584 40179951 40179951 40179951 40179951 40179951 40179951 40179951 40179951 40179951 40179951 40179951 40179951 40179951 40179951 40179951 40179951 40179951 40179951 40179951 85346789 85346789 85346789 85346789 85346789 85346789 85346789 85346789 85346789 85346789 85346789 85346789 85346789 85346789 85346789 85346789 85346789 85346789 85346789
exact 16 44174 6841 18393 55385 157741 455584 1324926 3995720 12287900 38973313 125132448 405015251 1328348969 4400576949 14663614227 49158343062
area 19 148028394256 548670619870 2152814078062 133510956245 511242864327 2022962073807 126441403737 493771531303 1963627043703 122994072775 485472279849 1935875030979 121314426726 481454595086 1922534562550 120496039442 479467381550 1915918124430 120096707124 478463581646 1912536837226 119901423126 477947279692 1910765556480 119805722980 477677815606 1909820175988 119758728404 477535468382 1909308384700 119735593239 477482476507 1909050788979 119724197521 477452709563 1908906440283 119718569205 477447168267 1908836337011 119715781941 477443390875 1908796494235 119714405693 477446635115 1908780239675 119713722021 477448120571 1908771477611 119713382053 477451547483 1908769610059 119713216085 477453220219 1908768653099 119713131989 477455417275 1908769515435
diff 19 14517438011 22492988211 54917503473 7069552508 10528256580 24562067146 3447330962 4969626372 11145666666 1679646049 2350973961 5079504651 818387284 1114335982 2320288888 399332318 529735770 1062840632 195283998 252701164 488315730 95700146 120829134 224512726 46994576 57825580 102853448 23135165 50800761 69865313 11395718 24558140 32198980 5628316 23141552 25973232 2787264 11336224 12252448 1376248 11061184 11327680 683672 5481152 5550016 339968 5441536 5455872 165968 2655488 2660608 84096 2693120 2697216 0 0 0
float_area 19 0 0 0 0 0 0 0 0 0 0 0 0 0 0 0 0 0 0 0 0 0 0 0 0 0 0 0 0 0 0 0 0 0 0 0 0 0 0 0 0 0 0 0 0 0 0 0 0 0 0 0 0 0 0 0 0 0
delta 19 0 0 0 0 0 0 0 0 0 0 0 0 0 0 0 0 0 0 0 0 0 0 0 0 0 0 0 0 0 0 0 0 0 0 0 0 0 0 0 0 0 0 0 0 0 0 0 0 0 0 0 0 0 0 0 0 0
alloc 0
tile_diff 0
tile_cert 0
flip_stats 0
counts 7 338379633038 544690628348 430112215803045 13284514098754347 102403376757 0 10014
secs 18525.488870778052 16739.122433070999 30930.043238526952 1566.826694327998 17083.339714835001
