mandelbrot tree result 1
base 1266 box -2 0.5 0 1.2 depth 15 safety 4 m 16 strata 2 max_iter 4294967296 seed 3 first_newton 8192 center_max_iter 16384 center_first_newton 8192 center_hint_newton 0 center_max_period 256 newton_max_period 256 newton_iters 30 newton_close2 inf newton_repel2 2.0000000000000004 newton_tol 1e-10 newton_margin 9.9999999999999995e-07 prec double rows -1 leaf_stats 0 tiles 0 flip_stats 0 roulette 8388608 1 2 ks 16384 32768 65536 131072 262144 524288 1048576 2097152 4194304 8388608 16777216 33554432 67108864 134217728 268435456 536870912 1073741824 2147483648 4294967288
shard 9 32
certified 304 11794 11794 11794 11794 11794 11794 11794 11794 11794 11794 11794 11794 11794 11794 11794 11794 11794 11794 11794 1445 1445 1445 1445 1445 1445 1445 1445 1445 1445 1445 1445 1445 1445 1445 1445 1445 1445 1445 3825 3825 3825 3825 3825 3825 3825 3825 3825 3825 3825 3825 3825 3825 3825 3825 3825 3825 3825 8819 8819 8819 8819 8819 8819 8819 8819 8819 8819 8819 8819 8819 8819 8819 8819 8819 8819 8819 22638 22638 22638 22638 22638 22638 22638 22638 22638 22638 22638 22638 22638 22638 22638 22638 22638 22638 22638 56208 56208 56208 56208 56208 56208 56208 56208 56208 56208 56208 56208 56208 56208 56208 56208 56208 56208 56208 133704 133704 133704 133704 133704 133704 133704 133704 133704 133704 133704 133704 133704 133704 133704 133704 133704 133704 133704 317099 317099 317099 317099 317099 317099 317099 317099 317099 317099 317099 317099 317099 317099 317099 317099 317099 317099 317099 717835 717835 717835 717835 717835 717835 717835 717835 717835 717835 717835 717835 717835 717835 717835 717835 717835 717835 717835 1514873 1514873 1514873 1514873 1514873 1514873 1514873 1514873 1514873 1514873 1514873 1514873 1514873 1514873 1514873 1514873 1514873 1514873 1514873 3033115 3033115 3033115 3033115 3033115 3033115 3033115 3033115 3033115 3033115 3033115 3033115 3033115 3033115 3033115 3033115 3033115 3033115 3033115 5996104 5996104 5996104 5996104 5996104 5996104 5996104 5996104 5996104 5996104 5996104 5996104 5996104 5996104 5996104 5996104 5996104 5996104 5996104 11407032 11407032 11407032 11407032 11407032 11407032 11407032 11407032 11407032 11407032 11407032 11407032 11407032 11407032 11407032 11407032 11407032 11407032 11407032 21511827 21511827 21511827 21511827 21511827 21511827 21511827 21511827 21511827 21511827 21511827 21511827 21511827 21511827 21511827 21511827 21511827 21511827 21511827 42790569 42790569 42790569 42790569 42790569 42790569 42790569 42790569 42790569 42790569 42790569 42790569 42790569 42790569 42790569 42790569 42790569 42790569 42790569 91320816 91320816 91320816 91320816 91320816 91320816 91320816 91320816 91320816 91320816 91320816 91320816 91320816 91320816 91320816 91320816 91320816 91320816 91320816
exact 16 44207 6619 21076 51840 147090 423002 1216511 3879341 12295202 38727904 124566434 404753360 1330756417 4409885141 14727226657 49616648763
area 19 173590383807 643703855375 2525904457883 156646954095 600406571909 2376309620237 148504319482 580387978688 2308505825600 144568505188 570924841784 2276887777882 142657459722 566346087556 2261675885744 141726729292 564077899182 2254113065596 141272470829 562929758761 2250237445837 141050255785 562337960721 2248201575725 140941341281 562028644167 2247113062605 140887874098 561865109132 2246523175394 140861559573 561803942317 2246225847855 140848589059 561769683117 2246059617523 140842184475 561763266349 2245979211899 140839017171 561758936533 2245933778571 140837444611 561762631829 2245915143931 140836668411 561764315573 2245905187499 140836284779 561768183029 2245903107883 140836090459 561770131381 2245901989899 140835994811 561772624373 2245902976267
diff 19 16943429712 26154305990 63583506356 8142634613 12091739913 28106730169 3935814294 5665242276 12677262080 1911045466 2674350026 5774510110 930730430 1268011158 2641834346 454258463 603159227 1211689431 222215044 287807494 557055914 108914504 137587068 255930938 53467183 65777905 117035407 26314525 57760989 79368469 12970514 27942636 36602452 6404584 26317760 29512416 3167304 12879040 13918400 1572560 12634880 12911360 776200 6219456 6297792 383632 6139648 6155008 194320 3109632 3113728 95648 3060736 3060736 0 0 0
float_area 19 0 0 0 0 0 0 0 0 0 0 0 0 0 0 0 0 0 0 0 0 0 0 0 0 0 0 0 0 0 0 0 0 0 0 0 0 0 0 0 0 0 0 0 0 0 0 0 0 0 0 0 0 0 0 0 0 0
delta 19 0 0 0 0 0 0 0 0 0 0 0 0 0 0 0 0 0 0 0 0 0 0 0 0 0 0 0 0 0 0 0 0 0 0 0 0 0 0 0 0 0 0 0 0 0 0 0 0 0 0 0 0 0 0 0 0 0
alloc 0
tile_diff 0
tile_cert 0
flip_stats 0
counts 7 357363002289 570711518924 495802324057457 15281664826118186 119891902353 0 10414
secs 20966.905129531995 19479.362587171952 35335.451327717077 1624.9199252080007 19578.866733653002
