mandelbrot tree result 1
base 1266 box -2 0.5 0 1.2 depth 15 safety 4 m 16 strata 2 max_iter 4294967296 seed 3 first_newton 8192 center_max_iter 16384 center_first_newton 8192 center_hint_newton 0 center_max_period 256 newton_max_period 256 newton_iters 30 newton_close2 inf newton_repel2 2.0000000000000004 newton_tol 1e-10 newton_margin 9.9999999999999995e-07 prec double rows -1 leaf_stats 0 tiles 0 flip_stats 0 roulette 8388608 1 2 ks 16384 32768 65536 131072 262144 524288 1048576 2097152 4194304 8388608 16777216 33554432 67108864 134217728 268435456 536870912 1073741824 2147483648 4294967288
shard 8 32
certified 304 11827 11827 11827 11827 11827 11827 11827 11827 11827 11827 11827 11827 11827 11827 11827 11827 11827 11827 11827 1437 1437 1437 1437 1437 1437 1437 1437 1437 1437 1437 1437 1437 1437 1437 1437 1437 1437 1437 3957 3957 3957 3957 3957 3957 3957 3957 3957 3957 3957 3957 3957 3957 3957 3957 3957 3957 3957 7944 7944 7944 7944 7944 7944 7944 7944 7944 7944 7944 7944 7944 7944 7944 7944 7944 7944 7944 21026 21026 21026 21026 21026 21026 21026 21026 21026 21026 21026 21026 21026 21026 21026 21026 21026 21026 21026 53027 53027 53027 53027 53027 53027 53027 53027 53027 53027 53027 53027 53027 53027 53027 53027 53027 53027 53027 129694 129694 129694 129694 129694 129694 129694 129694 129694 129694 129694 129694 129694 129694 129694 129694 129694 129694 129694 319997 319997 319997 319997 319997 319997 319997 319997 319997 319997 319997 319997 319997 319997 319997 319997 319997 319997 319997 726188 726188 726188 726188 726188 726188 726188 726188 726188 726188 726188 726188 726188 726188 726188 726188 726188 726188 726188 1530570 1530570 1530570 1530570 1530570 1530570 1530570 1530570 1530570 1530570 1530570 1530570 1530570 1530570 1530570 1530570 1530570 1530570 1530570 3131756 3131756 3131756 3131756 3131756 3131756 3131756 3131756 3131756 3131756 3131756 3131756 3131756 3131756 3131756 3131756 3131756 3131756 3131756 6291030 6291030 6291030 6291030 6291030 6291030 6291030 6291030 6291030 6291030 6291030 6291030 6291030 6291030 6291030 6291030 6291030 6291030 6291030 12039112 12039112 12039112 12039112 12039112 12039112 12039112 12039112 12039112 12039112 12039112 12039112 12039112 12039112 12039112 12039112 12039112 12039112 12039112 22932630 22932630 22932630 22932630 22932630 22932630 22932630 22932630 22932630 22932630 22932630 22932630 22932630 22932630 22932630 22932630 22932630 22932630 22932630 45782088 45782088 45782088 45782088 45782088 45782088 45782088 45782088 45782088 45782088 45782088 45782088 45782088 45782088 45782088 45782088 45782088 45782088 45782088 97160244 97160244 97160244 97160244 97160244 97160244 97160244 97160244 97160244 97160244 97160244 97160244 97160244 97160244 97160244 97160244 97160244 97160244 97160244
exact 16 44201 6661 20859 51519 146914 399370 1252411 3941735 12303671 39287966 127066617 415429465 1368877296 4550927529 15252699823 51445160773
area 19 173738984073 647167077349 2542603551627 157732396339 605877477469 2399332901095 149953367816 586635574522 2333971311894 146167681100 577502054888 2303408338488 144326823663 573077350223 2288689092891 143431075638 570884663112 2281365105016 142994314997 569774043297 2277606828307 142780848905 569201379153 2275631283401 142676270768 568902078624 2274574901786 142624914623 568743878535 2274002735563 142599654390 568684747500 2273715101712 142587198696 568651742132 2273554829228 142581050880 568645576364 2273477562572 142578014288 568641440076 2273433993004 142576511440 568644955788 2273416140268 142575761680 568646590076 2273406505948 142575392192 568650317372 2273404490844 142575207904 568652167100 2273403434332 142575113952 568654615036 2273404389084
diff 19 16006587734 24781057342 60450264014 7779028523 11572143545 26958912041 3785686716 5450556664 12202963794 1840857437 2574185769 5553785577 895748025 1218787087 2535077735 436760641 579011233 1160639083 213466092 275962282 532640914 104578137 131835687 244386539 51356145 63033317 111712059 25260233 55358701 75799449 12455694 26805492 35005332 6147816 25262080 28292320 3036592 12353120 13341216 1502848 12072832 12361472 749760 6010496 6088832 369488 5916416 5935872 184288 2949120 2954752 93952 3006464 3006464 0 0 0
float_area 19 0 0 0 0 0 0 0 0 0 0 0 0 0 0 0 0 0 0 0 0 0 0 0 0 0 0 0 0 0 0 0 0 0 0 0 0 0 0 0 0 0 0 0 0 0 0 0 0 0 0 0 0 0 0 0 0 0
delta 19 0 0 0 0 0 0 0 0 0 0 0 0 0 0 0 0 0 0 0 0 0 0 0 0 0 0 0 0 0 0 0 0 0 0 0 0 0 0 0 0 0 0 0 0 0 0 0 0 0 0 0 0 0 0 0 0 0
alloc 0
tile_diff 0
tile_cert 0
flip_stats 0
counts 7 368144537199 588482855132 499063109309180 15052597854393741 123816638812 0 10981
secs 20466.36550644501 18161.990917734052 35851.404292584855 1672.0444563050094 19590.980229010998
