mandelbrot tree result 1
base 1266 box -2 0.5 0 1.2 depth 15 safety 4 m 16 strata 2 max_iter 4294967296 seed 3 first_newton 8192 center_max_iter 16384 center_first_newton 8192 center_hint_newton 0 center_max_period 256 newton_max_period 256 newton_iters 30 newton_close2 inf newton_repel2 2.0000000000000004 newton_tol 1e-10 newton_margin 9.9999999999999995e-07 prec double rows -1 leaf_stats 0 tiles 0 flip_stats 0 roulette 8388608 1 2 ks 16384 32768 65536 131072 262144 524288 1048576 2097152 4194304 8388608 16777216 33554432 67108864 134217728 268435456 536870912 1073741824 2147483648 4294967288
shard 28 32
certified 304 11365 11365 11365 11365 11365 11365 11365 11365 11365 11365 11365 11365 11365 11365 11365 11365 11365 11365 11365 1401 1401 1401 1401 1401 1401 1401 1401 1401 1401 1401 1401 1401 1401 1401 1401 1401 1401 1401 3365 3365 3365 3365 3365 3365 3365 3365 3365 3365 3365 3365 3365 3365 3365 3365 3365 3365 3365 9117 9117 9117 9117 9117 9117 9117 9117 9117 9117 9117 9117 9117 9117 9117 9117 9117 9117 9117 20896 20896 20896 20896 20896 20896 20896 20896 20896 20896 20896 20896 20896 20896 20896 20896 20896 20896 20896 51310 51310 51310 51310 51310 51310 51310 51310 51310 51310 51310 51310 51310 51310 51310 51310 51310 51310 51310 121106 121106 121106 121106 121106 121106 121106 121106 121106 121106 121106 121106 121106 121106 121106 121106 121106 121106 121106 272755 272755 272755 272755 272755 272755 272755 272755 272755 272755 272755 272755 272755 272755 272755 272755 272755 272755 272755 599549 599549 599549 599549 599549 599549 599549 599549 599549 599549 599549 599549 599549 599549 599549 599549 599549 599549 599549 1267249 1267249 1267249 1267249 1267249 1267249 1267249 1267249 1267249 1267249 1267249 1267249 1267249 1267249 1267249 1267249 1267249 1267249 1267249 2537450 2537450 2537450 2537450 2537450 2537450 2537450 2537450 2537450 2537450 2537450 2537450 2537450 2537450 2537450 2537450 2537450 2537450 2537450 5049648 5049648 5049648 5049648 5049648 5049648 5049648 5049648 5049648 5049648 5049648 5049648 5049648 5049648 5049648 5049648 5049648 5049648 5049648 9733744 9733744 9733744 9733744 9733744 9733744 9733744 9733744 9733744 9733744 9733744 9733744 9733744 9733744 9733744 9733744 9733744 9733744 9733744 18751841 18751841 18751841 18751841 18751841 18751841 18751841 18751841 18751841 18751841 18751841 18751841 18751841 18751841 18751841 18751841 18751841 18751841 18751841 38047533 38047533 38047533 38047533 38047533 38047533 38047533 38047533 38047533 38047533 38047533 38047533 38047533 38047533 38047533 38047533 38047533 38047533 38047533 83239945 83239945 83239945 83239945 83239945 83239945 83239945 83239945 83239945 83239945 83239945 83239945 83239945 83239945 83239945 83239945 83239945 83239945 83239945
exact 16 43215 6636 18130 51318 149158 402512 1162255 3763103 11625972 37225012 120433431 392687205 1291485992 4283900581 14305904162 48085514582
area 19 146167822811 544465114431 2139171047841 132676918844 509501503500 2017554908464 126090248603 493192264199 1962104294555 122879549681 485454701201 1936214656653 121315454873 481708638167 1923769057473 120552734364 479853354708 1917588081026 120180301185 478914672643 1914423556277 119998160556 478431076096 1912762412672 119908920449 478178242755 1911873707905 119865096192 478044342852 1911391129152 119843539122 477994176096 1911147435870 119832916724 477965943236 1911010635258 119827672404 477960553940 1910944131874 119825079108 477956932444 1910906523138 119823799068 477959905228 1910891170882 119823163820 477961270796 1910882932994 119822848028 477964454668 1910881212482 119822691068 477966029836 1910880293666 119822614620 477968016460 1910881060322
diff 19 13490903967 20990437867 51499567643 6586670241 9826469205 22979226823 3210698922 4630202940 10391969838 1564094808 2188037180 4725336336 762720509 1037032401 2155636343 372433179 492857053 985597673 182140629 234877795 451538069 89240107 112169405 206913111 43824257 53621445 94478463 21557070 47157718 64252710 10622398 22808076 29576084 5244320 21517344 23946592 2593296 10527808 11303040 1280040 10275648 10494016 635248 5092608 5139456 315792 5054208 5067520 156960 2511872 2514944 76448 2446336 2446336 0 0 0
float_area 19 0 0 0 0 0 0 0 0 0 0 0 0 0 0 0 0 0 0 0 0 0 0 0 0 0 0 0 0 0 0 0 0 0 0 0 0 0 0 0 0 0 0 0 0 0 0 0 0 0 0 0 0 0 0 0 0 0
delta 19 0 0 0 0 0 0 0 0 0 0 0 0 0 0 0 0 0 0 0 0 0 0 0 0 0 0 0 0 0 0 0 0 0 0 0 0 0 0 0 0 0 0 0 0 0 0 0 0 0 0 0 0 0 0 0 0 0
alloc 0
tile_diff 0
tile_cert 0
flip_stats 0
counts 7 331894044882 533904541070 415972894624615 12820706714251473 100232957343 0 10001
secs 18353.578333265079 17117.332348586042 29074.432888071951 1285.7846479370021 16504.819786461001
