mandelbrot tree result 1
base 1266 box -2 0.5 0 1.2 depth 15 safety 4 m 16 strata 2 max_iter 4294967296 seed 3 first_newton 8192 center_max_iter 16384 center_first_newton 8192 center_hint_newton 0 center_max_period 256 newton_max_period 256 newton_iters 30 newton_close2 inf newton_repel2 2.0000000000000004 newton_tol 1e-10 newton_margin 9.9999999999999995e-07 prec double rows -1 leaf_stats 0 tiles 0 flip_stats 0 roulette 8388608 1 2 ks 16384 32768 65536 131072 262144 524288 1048576 2097152 4194304 8388608 16777216 33554432 67108864 134217728 268435456 536870912 1073741824 2147483648 4294967288
shard 31 32
certified 304 11282 11282 11282 11282 11282 11282 11282 11282 11282 11282 11282 11282 11282 11282 11282 11282 11282 11282 11282 1462 1462 1462 1462 1462 1462 1462 1462 1462 1462 1462 1462 1462 1462 1462 1462 1462 1462 1462 3251 3251 3251 3251 3251 3251 3251 3251 3251 3251 3251 3251 3251 3251 3251 3251 3251 3251 3251 8537 8537 8537 8537 8537 8537 8537 8537 8537 8537 8537 8537 8537 8537 8537 8537 8537 8537 8537 18611 18611 18611 18611 18611 18611 18611 18611 18611 18611 18611 18611 18611 18611 18611 18611 18611 18611 18611 44696 44696 44696 44696 44696 44696 44696 44696 44696 44696 44696 44696 44696 44696 44696 44696 44696 44696 44696 109387 109387 109387 109387 109387 109387 109387 109387 109387 109387 109387 109387 109387 109387 109387 109387 109387 109387 109387 265146 265146 265146 265146 265146 265146 265146 265146 265146 265146 265146 265146 265146 265146 265146 265146 265146 265146 265146 589623 589623 589623 589623 589623 589623 589623 589623 589623 589623 589623 589623 589623 589623 589623 589623 589623 589623 589623 1241047 1241047 1241047 1241047 1241047 1241047 1241047 1241047 1241047 1241047 1241047 1241047 1241047 1241047 1241047 1241047 1241047 1241047 1241047 2482364 2482364 2482364 2482364 2482364 2482364 2482364 2482364 2482364 2482364 2482364 2482364 2482364 2482364 2482364 2482364 2482364 2482364 2482364 4952561 4952561 4952561 4952561 4952561 4952561 4952561 4952561 4952561 4952561 4952561 4952561 4952561 4952561 4952561 4952561 4952561 4952561 4952561 9419994 9419994 9419994 9419994 9419994 9419994 9419994 9419994 9419994 9419994 9419994 9419994 9419994 9419994 9419994 9419994 9419994 9419994 9419994 17846041 17846041 17846041 17846041 17846041 17846041 17846041 17846041 17846041 17846041 17846041 17846041 17846041 17846041 17846041 17846041 17846041 17846041 17846041 35333717 35333717 35333717 35333717 35333717 35333717 35333717 35333717 35333717 35333717 35333717 35333717 35333717 35333717 35333717 35333717 35333717 35333717 35333717 74324939 74324939 74324939 74324939 74324939 74324939 74324939 74324939 74324939 74324939 74324939 74324939 74324939 74324939 74324939 74324939 74324939 74324939 74324939
exact 16 43219 6791 18420 49772 135528 391432 1241800 3728469 11820661 37779415 121046269 391807930 1286783538 4265729140 14264157733 48038259512
area 19 147962794680 548593425404 2152636626992 133475776687 511399475333 2023848607481 126473692431 494150344531 1965363827507 123081418617 485989276173 1938085259629 121433254562 482042161568 1924972520900 120630632801 480088672589 1918461985757 120239015843 479101000607 1915130464915 120047551575 478592554081 1913383038433 119953717802 478327077318 1912449877244 119907628062 478186846124 1911944846906 119884959228 478134675336 1911691151102 119873786646 478105445568 1911549307066 119868262330 478100036144 1911480512794 119865534090 478096331712 1911441473930 119864181402 478099527008 1911425468586 119863511570 478100982528 1911416838138 119863176850 478104353152 1911415006458 119863011954 478106010592 1911414073050 119862929650 478108147040 1911414900698
diff 19 14487017993 22417950005 54651194801 7002084256 10411908372 24241251706 3392273814 4887594910 10950847276 1648164055 2308309067 4989432773 802621761 1094403911 2282642289 391616958 520490100 1047097476 191464268 248273822 481350072 93833773 118725433 221423041 46089740 56818820 101422180 22668834 49809032 68654660 11172582 24102796 31669740 5524316 22721744 25516592 2728240 11098528 11994016 1352688 10873344 11128576 669832 5370176 5433536 334720 5357056 5372416 164896 2639360 2644992 82304 2633728 2639872 0 0 0
float_area 19 0 0 0 0 0 0 0 0 0 0 0 0 0 0 0 0 0 0 0 0 0 0 0 0 0 0 0 0 0 0 0 0 0 0 0 0 0 0 0 0 0 0 0 0 0 0 0 0 0 0 0 0 0 0 0 0 0
delta 19 0 0 0 0 0 0 0 0 0 0 0 0 0 0 0 0 0 0 0 0 0 0 0 0 0 0 0 0 0 0 0 0 0 0 0 0 0 0 0 0 0 0 0 0 0 0 0 0 0 0 0 0 0 0 0 0 0
alloc 0
tile_diff 0
tile_cert 0
flip_stats 0
counts 7 337614572148 541383412578 431820445462844 13155596822383927 104499992915 0 10229
secs 18008.319485025928 16108.193379812956 30544.527027665994 1992.638723753003 17131.107552484002
