mandelbrot tree result 1
base 1266 box -2 0.5 0 1.2 depth 15 safety 4 m 16 strata 2 max_iter 4294967296 seed 3 first_newton 8192 center_max_iter 16384 center_first_newton 8192 center_hint_newton 0 center_max_period 256 newton_max_period 256 newton_iters 30 newton_close2 inf newton_repel2 2.0000000000000004 newton_tol 1e-10 newton_margin 9.9999999999999995e-07 prec double rows -1 leaf_stats 0 tiles 0 flip_stats 0 roulette 8388608 1 2 ks 16384 32768 65536 131072 262144 524288 1048576 2097152 4194304 8388608 16777216 33554432 67108864 134217728 268435456 536870912 1073741824 2147483648 4294967288
shard 27 32
certified 304 11390 11390 11390 11390 11390 11390 11390 11390 11390 11390 11390 11390 11390 11390 11390 11390 11390 11390 11390 1385 1385 1385 1385 1385 1385 1385 1385 1385 1385 1385 1385 1385 1385 1385 1385 1385 1385 1385 3581 3581 3581 3581 3581 3581 3581 3581 3581 3581 3581 3581 3581 3581 3581 3581 3581 3581 3581 8630 8630 8630 8630 8630 8630 8630 8630 8630 8630 8630 8630 8630 8630 8630 8630 8630 8630 8630 20935 20935 20935 20935 20935 20935 20935 20935 20935 20935 20935 20935 20935 20935 20935 20935 20935 20935 20935 50172 50172 50172 50172 50172 50172 50172 50172 50172 50172 50172 50172 50172 50172 50172 50172 50172 50172 50172 115816 115816 115816 115816 115816 115816 115816 115816 115816 115816 115816 115816 115816 115816 115816 115816 115816 115816 115816 275968 275968 275968 275968 275968 275968 275968 275968 275968 275968 275968 275968 275968 275968 275968 275968 275968 275968 275968 619089 619089 619089 619089 619089 619089 619089 619089 619089 619089 619089 619089 619089 619089 619089 619089 619089 619089 619089 1291906 1291906 1291906 1291906 1291906 1291906 1291906 1291906 1291906 1291906 1291906 1291906 1291906 1291906 1291906 1291906 1291906 1291906 1291906 2618801 2618801 2618801 2618801 2618801 2618801 2618801 2618801 2618801 2618801 2618801 2618801 2618801 2618801 2618801 2618801 2618801 2618801 2618801 5257434 5257434 5257434 5257434 5257434 5257434 5257434 5257434 5257434 5257434 5257434 5257434 5257434 5257434 5257434 5257434 5257434 5257434 5257434 9950034 9950034 9950034 9950034 9950034 9950034 9950034 9950034 9950034 9950034 9950034 9950034 9950034 9950034 9950034 9950034 9950034 9950034 9950034 18861864 18861864 18861864 18861864 18861864 18861864 18861864 18861864 18861864 18861864 18861864 18861864 18861864 18861864 18861864 18861864 18861864 18861864 18861864 37752068 37752068 37752068 37752068 37752068 37752068 37752068 37752068 37752068 37752068 37752068 37752068 37752068 37752068 37752068 37752068 37752068 37752068 37752068 81100732 81100732 81100732 81100732 81100732 81100732 81100732 81100732 81100732 81100732 81100732 81100732 81100732 81100732 81100732 81100732 81100732 81100732 81100732
exact 16 43196 6712 17904 51619 146551 427557 1201383 3698903 11635435 36931251 118330859 385207562 1265322401 4194883406 14024760673 47189287141
area 19 155630257898 578442659906 2271315956118 140811591474 540385612864 2139476261516 133692254785 522872873081 2080123123179 130262164131 514631557319 2052592216027 128601523584 510656586170 2039391754016 127794545242 508690806270 2032839185892 127401175813 507696176681 2029481547025 127208875218 507183435914 2027717120586 127114666922 506915268026 2026772785474 127068404926 506773260206 2026260129656 127045642352 506719907666 2026000930328 127034419960 506689896738 2025855491856 127028884048 506684102186 2025784800664 127026146268 506680262634 2025744953840 127024789516 506683413018 2025728646944 127024118764 506684865274 2025719973392 127023782684 506688250298 2025718134896 127023617484 506689911002 2025717196016 127023531788 506692135834 2025718031792
diff 19 14818666424 23018917372 56375975996 7119336689 10599996615 24728219619 3430090654 4941012764 11071974848 1660640547 2322340259 5012285751 806978342 1097429622 2281470234 393369429 520952655 1042868003 192300595 248274879 478212965 94208296 118606462 219363842 46261996 56700630 100210484 22762574 49826990 68018738 11222392 24100296 31320472 5535912 22709440 25306720 2737780 11123984 11941744 1356752 10897792 11127808 670752 5375744 5436288 336080 5377792 5395200 165200 2643712 2647808 85696 2742272 2744320 0 0 0
float_area 19 0 0 0 0 0 0 0 0 0 0 0 0 0 0 0 0 0 0 0 0 0 0 0 0 0 0 0 0 0 0 0 0 0 0 0 0 0 0 0 0 0 0 0 0 0 0 0 0 0 0 0 0 0 0 0 0 0
delta 19 0 0 0 0 0 0 0 0 0 0 0 0 0 0 0 0 0 0 0 0 0 0 0 0 0 0 0 0 0 0 0 0 0 0 0 0 0 0 0 0 0 0 0 0 0 0 0 0 0 0 0 0 0 0 0 0 0
alloc 0
tile_diff 0
tile_cert 0
flip_stats 0
counts 7 330869483127 530801897782 440830968629232 13571589466843855 107348381124 0 9968
secs 19190.87451639308 17039.535463512006 31947.342263954866 1577.8742447149991 17853.018932223
