mandelbrot tree result 1
base 1266 box -2 0.5 0 1.2 depth 13 safety 4 m 16 strata 2 max_iter 68719476736 seed 4 first_newton 8192 center_max_iter 16384 center_first_newton 8192 center_hint_newton 0 center_max_period 256 newton_max_period 256 newton_iters 30 newton_close2 inf newton_repel2 2.0000000000000004 newton_tol 1e-10 newton_margin 9.9999999999999995e-07 prec double rows -1 leaf_stats 0 tiles 0 flip_stats 0 roulette 8388608 1 2 ks 16384 32768 65536 131072 262144 524288 1048576 2097152 4194304 8388608 16777216 33554432 67108864 134217728 268435456 536870912 1073741824 2147483648 4294967296 8589934592 17179869184 34359738368 68719476728
shard 6 8
certified 322 46321 46321 46321 46321 46321 46321 46321 46321 46321 46321 46321 46321 46321 46321 46321 46321 46321 46321 46321 46321 46321 46321 46321 5989 5989 5989 5989 5989 5989 5989 5989 5989 5989 5989 5989 5989 5989 5989 5989 5989 5989 5989 5989 5989 5989 5989 14322 14322 14322 14322 14322 14322 14322 14322 14322 14322 14322 14322 14322 14322 14322 14322 14322 14322 14322 14322 14322 14322 14322 33357 33357 33357 33357 33357 33357 33357 33357 33357 33357 33357 33357 33357 33357 33357 33357 33357 33357 33357 33357 33357 33357 33357 81225 81225 81225 81225 81225 81225 81225 81225 81225 81225 81225 81225 81225 81225 81225 81225 81225 81225 81225 81225 81225 81225 81225 190504 190504 190504 190504 190504 190504 190504 190504 190504 190504 190504 190504 190504 190504 190504 190504 190504 190504 190504 190504 190504 190504 190504 453631 453631 453631 453631 453631 453631 453631 453631 453631 453631 453631 453631 453631 453631 453631 453631 453631 453631 453631 453631 453631 453631 453631 1099981 1099981 1099981 1099981 1099981 1099981 1099981 1099981 1099981 1099981 1099981 1099981 1099981 1099981 1099981 1099981 1099981 1099981 1099981 1099981 1099981 1099981 1099981 2476646 2476646 2476646 2476646 2476646 2476646 2476646 2476646 2476646 2476646 2476646 2476646 2476646 2476646 2476646 2476646 2476646 2476646 2476646 2476646 2476646 2476646 2476646 5211907 5211907 5211907 5211907 5211907 5211907 5211907 5211907 5211907 5211907 5211907 5211907 5211907 5211907 5211907 5211907 5211907 5211907 5211907 5211907 5211907 5211907 5211907 10652938 10652938 10652938 10652938 10652938 10652938 10652938 10652938 10652938 10652938 10652938 10652938 10652938 10652938 10652938 10652938 10652938 10652938 10652938 10652938 10652938 10652938 10652938 21415735 21415735 21415735 21415735 21415735 21415735 21415735 21415735 21415735 21415735 21415735 21415735 21415735 21415735 21415735 21415735 21415735 21415735 21415735 21415735 21415735 21415735 21415735 41072749 41072749 41072749 41072749 41072749 41072749 41072749 41072749 41072749 41072749 41072749 41072749 41072749 41072749 41072749 41072749 41072749 41072749 41072749 41072749 41072749 41072749 41072749 78819507 78819507 78819507 78819507 78819507 78819507 78819507 78819507 78819507 78819507 78819507 78819507 78819507 78819507 78819507 78819507 78819507 78819507 78819507 78819507 78819507 78819507 78819507
exact 14 174756 27477 74803 202848 567156 1655228 5124702 15834095 49329087 156437351 501790475 1630635036 5356251842 17764103160
area 23 39529886972 146236633712 573560531202 35790132385 136871909403 541540844131 33983539651 132462532607 526700534755 33109094813 130328474943 519554176341 32684504014 129265684090 515973066372 32477816907 128723058549 514115164877 32376956370 128440595746 513126231890 32327649841 128291577361 512590988049 32303489335 128211979623 512297487177 32291626620 128169009020 512134793622 32285795264 128151564262 512050247444 32282917064 128141883682 512003218144 32281498608 128139543050 511980718576 32280796180 128138272210 511968910696 32280446372 128139006178 511964232888 32280272932 128139360706 511961871400 32280186868 128140229410 511961388936 32280142692 128140669474 511961131880 32280122980 128141181666 511961327400 32280112676 128141450338 511961434216 32280106724 128141795170 511961686248 32280104676 128141912034 511961766760 32280103268 128142082274 511961910888
diff 23 3739754587 5606572865 13199621463 1806592734 2607564758 5865419028 874444838 1220355692 2630844300 424590799 573899183 1185018929 206687107 271011163 535460503 100860537 128454773 242507023 49306529 60976587 109641215 24160506 28944870 49176166 11862715 13705631 21692227 5831356 12301934 15200854 2878200 5944496 6863856 1418456 5723264 5978752 702428 2821136 2887152 349808 2801280 2819072 173440 1388416 1393152 86064 1377024 1378560 44176 706816 706816 19712 630784 630784 10304 329728 329728 5952 380928 380928 2048 131072 131072 1408 180224 180224 0 0 0
float_area 23 0 0 0 0 0 0 0 0 0 0 0 0 0 0 0 0 0 0 0 0 0 0 0 0 0 0 0 0 0 0 0 0 0 0 0 0 0 0 0 0 0 0 0 0 0 0 0 0 0 0 0 0 0 0 0 0 0 0 0 0 0 0 0 0 0 0 0 0 0
delta 23 0 0 0 0 0 0 0 0 0 0 0 0 0 0 0 0 0 0 0 0 0 0 0 0 0 0 0 0 0 0 0 0 0 0 0 0 0 0 0 0 0 0 0 0 0 0 0 0 0 0 0 0 0 0 0 0 0 0 0 0 0 0 0 0 0 0 0 0 0
alloc 0
tile_diff 0
tile_cert 0
flip_stats 0
counts 7 114611636608 186791726156 117218317170129 3558125970500972 40932580193 0 3470
secs 9748.6251141070261 9247.4594836789784 16798.510684677007 632.59743377899986 11175.736115661
