mandelbrot tree result 1
base 1266 box -2 0.5 0 1.2 depth 13 safety 4 m 16 strata 2 max_iter 68719476736 seed 4 first_newton 8192 center_max_iter 16384 center_first_newton 8192 center_hint_newton 0 center_max_period 256 newton_max_period 256 newton_iters 30 newton_close2 inf newton_repel2 2.0000000000000004 newton_tol 1e-10 newton_margin 9.9999999999999995e-07 prec double rows -1 leaf_stats 0 tiles 0 flip_stats 0 roulette 8388608 1 2 ks 16384 32768 65536 131072 262144 524288 1048576 2097152 4194304 8388608 16777216 33554432 67108864 134217728 268435456 536870912 1073741824 2147483648 4294967296 8589934592 17179869184 34359738368 68719476728
shard 4 8
certified 322 46510 46510 46510 46510 46510 46510 46510 46510 46510 46510 46510 46510 46510 46510 46510 46510 46510 46510 46510 46510 46510 46510 46510 6084 6084 6084 6084 6084 6084 6084 6084 6084 6084 6084 6084 6084 6084 6084 6084 6084 6084 6084 6084 6084 6084 6084 13872 13872 13872 13872 13872 13872 13872 13872 13872 13872 13872 13872 13872 13872 13872 13872 13872 13872 13872 13872 13872 13872 13872 34461 34461 34461 34461 34461 34461 34461 34461 34461 34461 34461 34461 34461 34461 34461 34461 34461 34461 34461 34461 34461 34461 34461 83129 83129 83129 83129 83129 83129 83129 83129 83129 83129 83129 83129 83129 83129 83129 83129 83129 83129 83129 83129 83129 83129 83129 202856 202856 202856 202856 202856 202856 202856 202856 202856 202856 202856 202856 202856 202856 202856 202856 202856 202856 202856 202856 202856 202856 202856 493584 493584 493584 493584 493584 493584 493584 493584 493584 493584 493584 493584 493584 493584 493584 493584 493584 493584 493584 493584 493584 493584 493584 1166303 1166303 1166303 1166303 1166303 1166303 1166303 1166303 1166303 1166303 1166303 1166303 1166303 1166303 1166303 1166303 1166303 1166303 1166303 1166303 1166303 1166303 1166303 2620200 2620200 2620200 2620200 2620200 2620200 2620200 2620200 2620200 2620200 2620200 2620200 2620200 2620200 2620200 2620200 2620200 2620200 2620200 2620200 2620200 2620200 2620200 5463196 5463196 5463196 5463196 5463196 5463196 5463196 5463196 5463196 5463196 5463196 5463196 5463196 5463196 5463196 5463196 5463196 5463196 5463196 5463196 5463196 5463196 5463196 10972740 10972740 10972740 10972740 10972740 10972740 10972740 10972740 10972740 10972740 10972740 10972740 10972740 10972740 10972740 10972740 10972740 10972740 10972740 10972740 10972740 10972740 10972740 21816617 21816617 21816617 21816617 21816617 21816617 21816617 21816617 21816617 21816617 21816617 21816617 21816617 21816617 21816617 21816617 21816617 21816617 21816617 21816617 21816617 21816617 21816617 41618878 41618878 41618878 41618878 41618878 41618878 41618878 41618878 41618878 41618878 41618878 41618878 41618878 41618878 41618878 41618878 41618878 41618878 41618878 41618878 41618878 41618878 41618878 79097250 79097250 79097250 79097250 79097250 79097250 79097250 79097250 79097250 79097250 79097250 79097250 79097250 79097250 79097250 79097250 79097250 79097250 79097250 79097250 79097250 79097250 79097250
exact 14 174646 27542 73107 211381 596094 1713822 5102940 15800958 48729580 152841192 489776053 1591619610 5231123751 17338125282
area 23 39735352411 147148892257 577309291569 36033004571 137832842527 545380052927 34229666108 133420781176 530511690502 33352159339 131279036439 523338816847 32925053550 130211410642 519743818678 32717002940 129666334376 517879335676 32615458020 129382577484 516886805392 32565793401 129232836687 516349556239 32541455599 129152871357 516054894363 32529505874 129109740238 515891761106 32523624759 129092193743 515806729267 32520730927 129082488203 515759583807 32519301475 129080146587 515737002607 32518591099 129078854507 515725054359 32518238387 129079599067 515720341607 32518062475 129079960699 515717933383 32517975899 129080833019 515717436967 32517935275 129081239355 515717199847 32517914027 129081790139 515717406247 32517903147 129082073531 515717511655 32517897963 129082371387 515717719015 32517895659 129082505019 515717813351 32517894763 129082615867 515717915751
diff 23 3702347840 5559102578 13115666686 1803338463 2604260247 5864218427 877506769 1223324625 2634633137 427105789 575903885 1185456249 208050610 271821728 534321296 101544920 128769016 241428348 49664619 61156781 109077283 24337802 29043896 48937688 11949725 13763905 21625091 5881115 12388283 15233523 2893832 5972608 6880336 1429452 5764560 6013904 710376 2853280 2921312 352712 2824000 2839104 175912 1408576 1412928 86576 1386240 1387776 40624 649984 649984 21248 679936 679936 10880 348160 348160 5184 331776 331776 2304 147456 147456 896 114688 114688 0 0 0
float_area 23 0 0 0 0 0 0 0 0 0 0 0 0 0 0 0 0 0 0 0 0 0 0 0 0 0 0 0 0 0 0 0 0 0 0 0 0 0 0 0 0 0 0 0 0 0 0 0 0 0 0 0 0 0 0 0 0 0 0 0 0 0 0 0 0 0 0 0 0 0
delta 23 0 0 0 0 0 0 0 0 0 0 0 0 0 0 0 0 0 0 0 0 0 0 0 0 0 0 0 0 0 0 0 0 0 0 0 0 0 0 0 0 0 0 0 0 0 0 0 0 0 0 0 0 0 0 0 0 0 0 0 0 0 0 0 0 0 0 0 0 0
alloc 0
tile_diff 0
tile_cert 0
flip_stats 0
counts 7 111989643426 182487345836 116455732995494 3578071472261678 41647520536 0 3381
secs 10337.289924628996 10028.573582130985 16321.484224001995 353.07873192700021 11121.777157794
