mandelbrot tree result 1
base 1266 box -2 0.5 0 1.2 depth 13 safety 4 m 16 strata 2 max_iter 68719476736 seed 4 first_newton 8192 center_max_iter 16384 center_first_newton 8192 center_hint_newton 0 center_max_period 256 newton_max_period 256 newton_iters 30 newton_close2 inf newton_repel2 2.0000000000000004 newton_tol 1e-10 newton_margin 9.9999999999999995e-07 prec double rows -1 leaf_stats 0 tiles 0 flip_stats 0 roulette 8388608 1 2 ks 16384 32768 65536 131072 262144 524288 1048576 2097152 4194304 8388608 16777216 33554432 67108864 134217728 268435456 536870912 1073741824 2147483648 4294967296 8589934592 17179869184 34359738368 68719476728
shard 2 8
certified 322 46746 46746 46746 46746 46746 46746 46746 46746 46746 46746 46746 46746 46746 46746 46746 46746 46746 46746 46746 46746 46746 46746 46746 5937 5937 5937 5937 5937 5937 5937 5937 5937 5937 5937 5937 5937 5937 5937 5937 5937 5937 5937 5937 5937 5937 5937 14156 14156 14156 14156 14156 14156 14156 14156 14156 14156 14156 14156 14156 14156 14156 14156 14156 14156 14156 14156 14156 14156 14156 34581 34581 34581 34581 34581 34581 34581 34581 34581 34581 34581 34581 34581 34581 34581 34581 34581 34581 34581 34581 34581 34581 34581 81396 81396 81396 81396 81396 81396 81396 81396 81396 81396 81396 81396 81396 81396 81396 81396 81396 81396 81396 81396 81396 81396 81396 204339 204339 204339 204339 204339 204339 204339 204339 204339 204339 204339 204339 204339 204339 204339 204339 204339 204339 204339 204339 204339 204339 204339 498185 498185 498185 498185 498185 498185 498185 498185 498185 498185 498185 498185 498185 498185 498185 498185 498185 498185 498185 498185 498185 498185 498185 1191542 1191542 1191542 1191542 1191542 1191542 1191542 1191542 1191542 1191542 1191542 1191542 1191542 1191542 1191542 1191542 1191542 1191542 1191542 1191542 1191542 1191542 1191542 2649524 2649524 2649524 2649524 2649524 2649524 2649524 2649524 2649524 2649524 2649524 2649524 2649524 2649524 2649524 2649524 2649524 2649524 2649524 2649524 2649524 2649524 2649524 5488400 5488400 5488400 5488400 5488400 5488400 5488400 5488400 5488400 5488400 5488400 5488400 5488400 5488400 5488400 5488400 5488400 5488400 5488400 5488400 5488400 5488400 5488400 11008813 11008813 11008813 11008813 11008813 11008813 11008813 11008813 11008813 11008813 11008813 11008813 11008813 11008813 11008813 11008813 11008813 11008813 11008813 11008813 11008813 11008813 11008813 21802985 21802985 21802985 21802985 21802985 21802985 21802985 21802985 21802985 21802985 21802985 21802985 21802985 21802985 21802985 21802985 21802985 21802985 21802985 21802985 21802985 21802985 21802985 41503878 41503878 41503878 41503878 41503878 41503878 41503878 41503878 41503878 41503878 41503878 41503878 41503878 41503878 41503878 41503878 41503878 41503878 41503878 41503878 41503878 41503878 41503878 78436536 78436536 78436536 78436536 78436536 78436536 78436536 78436536 78436536 78436536 78436536 78436536 78436536 78436536 78436536 78436536 78436536 78436536 78436536 78436536 78436536 78436536 78436536
exact 14 174569 27539 73434 205098 617792 1762503 5252045 15889809 48913110 152895716 486517295 1577514134 5177553896 17167615808
area 23 40951584235 151915724919 596279866717 37210218305 142505385277 564035436013 35392601986 138055048860 549034629046 34509477385 135894798717 541793497965 34079906437 134816897221 538158211903 33870644405 134265789553 536269308303 33768507579 133978639599 535262594425 33718588760 133827052600 534717406104 33694126102 133746059832 534418304422 33682118773 133702355263 534252607009 33676211077 133684580883 534166461473 33673300853 133674786207 534118834129 33671863009 133672421231 534096039185 33671152657 133671129239 534084067873 33670799529 133671870935 534079356545 33670626089 133672229271 534076974465 33670537753 133673119959 534076473249 33670495321 133673549623 534076233857 33670475513 133674066615 534076428993 33670464537 133674353719 534076544705 33670459545 133674643383 534076758209 33670456985 133674792503 534076865345 33670455705 133674948407 534076998977
diff 23 3741365930 5616319556 13245194220 1817616319 2624987317 5910670113 883124601 1231794377 2654335011 429570948 579714312 1194758196 209262032 273716320 538939916 102136826 129670500 243601620 49918819 61517809 109904453 24462658 29194698 49230254 12007329 13821703 21691013 5907696 12443320 15285288 2910224 6003456 6903736 1437844 5799696 6054416 710352 2852320 2916576 353128 2827968 2844608 173440 1388160 1392000 88336 1413888 1414400 42432 678912 678912 19808 633856 633856 10976 351232 351232 4992 319488 319488 2560 163840 163840 1280 163840 163840 0 0 0
float_area 23 0 0 0 0 0 0 0 0 0 0 0 0 0 0 0 0 0 0 0 0 0 0 0 0 0 0 0 0 0 0 0 0 0 0 0 0 0 0 0 0 0 0 0 0 0 0 0 0 0 0 0 0 0 0 0 0 0 0 0 0 0 0 0 0 0 0 0 0 0
delta 23 0 0 0 0 0 0 0 0 0 0 0 0 0 0 0 0 0 0 0 0 0 0 0 0 0 0 0 0 0 0 0 0 0 0 0 0 0 0 0 0 0 0 0 0 0 0 0 0 0 0 0 0 0 0 0 0 0 0 0 0 0 0 0 0 0 0 0 0 0
alloc 0
tile_diff 0
tile_cert 0
flip_stats 0
counts 7 111355938816 181321202076 118712138051152 3637163709082681 42914557937 0 3314
secs 9655.5281278639432 9146.1522053330445 17259.210662157013 577.253783862001 11471.564395617001
