mandelbrot tree result 1
base 1266 box -2 0.5 0 1.2 depth 13 safety 4 m 16 strata 2 max_iter 68719476736 seed 4 first_newton 8192 center_max_iter 16384 center_first_newton 8192 center_hint_newton 0 center_max_period 256 newton_max_period 256 newton_iters 30 newton_close2 inf newton_repel2 2.0000000000000004 newton_tol 1e-10 newton_margin 9.9999999999999995e-07 prec double rows -1 leaf_stats 0 tiles 0 flip_stats 0 roulette 8388608 1 2 ks 16384 32768 65536 131072 262144 524288 1048576 2097152 4194304 8388608 16777216 33554432 67108864 134217728 268435456 536870912 1073741824 2147483648 4294967296 8589934592 17179869184 34359738368 68719476728
shard 0 8
certified 322 46944 46944 46944 46944 46944 46944 46944 46944 46944 46944 46944 46944 46944 46944 46944 46944 46944 46944 46944 46944 46944 46944 46944 5925 5925 5925 5925 5925 5925 5925 5925 5925 5925 5925 5925 5925 5925 5925 5925 5925 5925 5925 5925 5925 5925 5925 14786 14786 14786 14786 14786 14786 14786 14786 14786 14786 14786 14786 14786 14786 14786 14786 14786 14786 14786 14786 14786 14786 14786 34081 34081 34081 34081 34081 34081 34081 34081 34081 34081 34081 34081 34081 34081 34081 34081 34081 34081 34081 34081 34081 34081 34081 81932 81932 81932 81932 81932 81932 81932 81932 81932 81932 81932 81932 81932 81932 81932 81932 81932 81932 81932 81932 81932 81932 81932 194178 194178 194178 194178 194178 194178 194178 194178 194178 194178 194178 194178 194178 194178 194178 194178 194178 194178 194178 194178 194178 194178 194178 479481 479481 479481 479481 479481 479481 479481 479481 479481 479481 479481 479481 479481 479481 479481 479481 479481 479481 479481 479481 479481 479481 479481 1146068 1146068 1146068 1146068 1146068 1146068 1146068 1146068 1146068 1146068 1146068 1146068 1146068 1146068 1146068 1146068 1146068 1146068 1146068 1146068 1146068 1146068 1146068 2587874 2587874 2587874 2587874 2587874 2587874 2587874 2587874 2587874 2587874 2587874 2587874 2587874 2587874 2587874 2587874 2587874 2587874 2587874 2587874 2587874 2587874 2587874 5456370 5456370 5456370 5456370 5456370 5456370 5456370 5456370 5456370 5456370 5456370 5456370 5456370 5456370 5456370 5456370 5456370 5456370 5456370 5456370 5456370 5456370 5456370 11107182 11107182 11107182 11107182 11107182 11107182 11107182 11107182 11107182 11107182 11107182 11107182 11107182 11107182 11107182 11107182 11107182 11107182 11107182 11107182 11107182 11107182 11107182 22322401 22322401 22322401 22322401 22322401 22322401 22322401 22322401 22322401 22322401 22322401 22322401 22322401 22322401 22322401 22322401 22322401 22322401 22322401 22322401 22322401 22322401 22322401 42993955 42993955 42993955 42993955 42993955 42993955 42993955 42993955 42993955 42993955 42993955 42993955 42993955 42993955 42993955 42993955 42993955 42993955 42993955 42993955 42993955 42993955 42993955 82405402 82405402 82405402 82405402 82405402 82405402 82405402 82405402 82405402 82405402 82405402 82405402 82405402 82405402 82405402 82405402 82405402 82405402 82405402 82405402 82405402 82405402 82405402
exact 14 175736 27435 75596 201686 575016 1716440 5366888 16551595 51183626 160324999 512535175 1661960257 5439085593 17975712157
area 23 39342078053 145733226949 571793743987 35686813456 136555009696 540377196660 33915080946 132215655552 525750734830 33054786115 130108611723 518684863517 32636513531 129057392285 515137116311 32432839538 128520094222 513294069878 32333475460 128240346780 512312556906 32284898726 128092711844 511781293938 32261091514 128013955396 511490392170 32249402217 127971494785 511329439521 32243648852 127954244910 511245801958 32240813460 127944724166 511199535126 32239413732 127942424462 511177403726 32238720320 127941166254 511165740806 32238377064 127941890270 511161169110 32238207152 127942245246 511158855798 32238122336 127943098878 511158373206 32238079616 127943527998 511158119894 32238058144 127944086142 511158336918 32238048512 127944335742 511158429206 32238043776 127944610558 511158631958 32238041344 127944753790 511158738838 32238039424 127944988542 511158949526
diff 23 3655264597 5476839527 12885456801 1771732510 2557310486 5752791314 860294831 1200508403 2587546291 418272584 565188500 1166617392 203673993 266878261 526827643 99364078 126407668 238303664 48576734 59999754 107626516 23807212 28483344 48256642 11689297 13484995 21279955 5753365 12126159 14948111 2835392 5856816 6761520 1399728 5645344 5900192 693412 2784720 2851120 343256 2748736 2764352 169912 1360448 1364544 84816 1357056 1357056 42720 683520 683520 21472 687104 687104 9632 308224 308224 4736 303104 303104 2432 155648 155648 1920 245760 245760 0 0 0
float_area 23 0 0 0 0 0 0 0 0 0 0 0 0 0 0 0 0 0 0 0 0 0 0 0 0 0 0 0 0 0 0 0 0 0 0 0 0 0 0 0 0 0 0 0 0 0 0 0 0 0 0 0 0 0 0 0 0 0 0 0 0 0 0 0 0 0 0 0 0 0
delta 23 0 0 0 0 0 0 0 0 0 0 0 0 0 0 0 0 0 0 0 0 0 0 0 0 0 0 0 0 0 0 0 0 0 0 0 0 0 0 0 0 0 0 0 0 0 0 0 0 0 0 0 0 0 0 0 0 0 0 0 0 0 0 0 0 0 0 0 0 0
alloc 0
tile_diff 0
tile_cert 0
flip_stats 0
counts 7 114796785967 187496303790 117132666096091 3517056975654225 42116460320 0 3309
secs 8168.767326148989 7614.4067219310073 19404.290099834019 382.58228904000015 11496.246201909
