mandelbrot tree result 1
base 1266 box -2 0.5 0 1.2 depth 13 safety 4 m 16 strata 2 max_iter 68719476736 seed 4 first_newton 8192 center_max_iter 16384 center_first_newton 8192 center_hint_newton 0 center_max_period 256 newton_max_period 256 newton_iters 30 newton_close2 inf newton_repel2 2.0000000000000004 newton_tol 1e-10 newton_margin 9.9999999999999995e-07 prec double rows -1 leaf_stats 0 tiles 0 flip_stats 0 roulette 8388608 1 2 ks 16384 32768 65536 131072 262144 524288 1048576 2097152 4194304 8388608 16777216 33554432 67108864 134217728 268435456 536870912 1073741824 2147483648 4294967296 8589934592 17179869184 34359738368 68719476728
shard 1 8
certified 322 46851 46851 46851 46851 46851 46851 46851 46851 46851 46851 46851 46851 46851 46851 46851 46851 46851 46851 46851 46851 46851 46851 46851 5857 5857 5857 5857 5857 5857 5857 5857 5857 5857 5857 5857 5857 5857 5857 5857 5857 5857 5857 5857 5857 5857 5857 14688 14688 14688 14688 14688 14688 14688 14688 14688 14688 14688 14688 14688 14688 14688 14688 14688 14688 14688 14688 14688 14688 14688 34000 34000 34000 34000 34000 34000 34000 34000 34000 34000 34000 34000 34000 34000 34000 34000 34000 34000 34000 34000 34000 34000 34000 83735 83735 83735 83735 83735 83735 83735 83735 83735 83735 83735 83735 83735 83735 83735 83735 83735 83735 83735 83735 83735 83735 83735 200051 200051 200051 200051 200051 200051 200051 200051 200051 200051 200051 200051 200051 200051 200051 200051 200051 200051 200051 200051 200051 200051 200051 473832 473832 473832 473832 473832 473832 473832 473832 473832 473832 473832 473832 473832 473832 473832 473832 473832 473832 473832 473832 473832 473832 473832 1129555 1129555 1129555 1129555 1129555 1129555 1129555 1129555 1129555 1129555 1129555 1129555 1129555 1129555 1129555 1129555 1129555 1129555 1129555 1129555 1129555 1129555 1129555 2581678 2581678 2581678 2581678 2581678 2581678 2581678 2581678 2581678 2581678 2581678 2581678 2581678 2581678 2581678 2581678 2581678 2581678 2581678 2581678 2581678 2581678 2581678 5467209 5467209 5467209 5467209 5467209 5467209 5467209 5467209 5467209 5467209 5467209 5467209 5467209 5467209 5467209 5467209 5467209 5467209 5467209 5467209 5467209 5467209 5467209 11026975 11026975 11026975 11026975 11026975 11026975 11026975 11026975 11026975 11026975 11026975 11026975 11026975 11026975 11026975 11026975 11026975 11026975 11026975 11026975 11026975 11026975 11026975 22005242 22005242 22005242 22005242 22005242 22005242 22005242 22005242 22005242 22005242 22005242 22005242 22005242 22005242 22005242 22005242 22005242 22005242 22005242 22005242 22005242 22005242 22005242 42060407 42060407 42060407 42060407 42060407 42060407 42060407 42060407 42060407 42060407 42060407 42060407 42060407 42060407 42060407 42060407 42060407 42060407 42060407 42060407 42060407 42060407 42060407 79679190 79679190 79679190 79679190 79679190 79679190 79679190 79679190 79679190 79679190 79679190 79679190 79679190 79679190 79679190 79679190 79679190 79679190 79679190 79679190 79679190 79679190 79679190
exact 14 175799 27378 74740 203002 600791 1798655 5167770 15779390 49267637 155496101 499710806 1623133452 5319643880 17617083322
area 23 40198841130 148828893456 583851498070 36433046078 139398694728 551610077590 34615211778 134956500498 536651921048 33735087754 132805118880 529443235672 33307844169 131733008143 525827488895 33099914663 131185127677 523949178613 32998484026 130899921358 522949116778 32948905835 130749386989 522407673483 32924608222 130668980756 522110730552 32912677283 130625589483 521946243819 32906812571 130607980365 521860871147 32903920145 130598251633 521813550403 32902493325 130595908857 521790985379 32901788797 130594629521 521779136139 32901437629 130595365953 521774423131 32901264485 130595726753 521772072155 32901177605 130596599361 521771565915 32901136069 130597014561 521771321307 32901114629 130597571617 521771540315 32901104965 130597821025 521771634011 32901099845 130598119393 521771855707 32901096901 130598289505 521771976923 32901095621 130598446689 521772117211
diff 23 3765795052 5642580790 13276276198 1817834300 2623925306 5903372022 880124024 1227895732 2646207604 427243585 577068385 1190421289 207929506 272331760 537249886 101430637 128965875 242889739 49578191 61200599 109658541 24297613 29049455 49151911 11930939 13755731 21674261 5864712 12360590 15216942 2892426 5972340 6884532 1426820 5754736 6006864 704528 2829408 2895584 351168 2812416 2829824 173144 1385920 1389760 86880 1390080 1390080 41536 664576 664576 21440 686080 686080 9664 309248 309248 5120 327680 327680 2944 188416 188416 1280 163840 163840 0 0 0
float_area 23 0 0 0 0 0 0 0 0 0 0 0 0 0 0 0 0 0 0 0 0 0 0 0 0 0 0 0 0 0 0 0 0 0 0 0 0 0 0 0 0 0 0 0 0 0 0 0 0 0 0 0 0 0 0 0 0 0 0 0 0 0 0 0 0 0 0 0 0 0
delta 23 0 0 0 0 0 0 0 0 0 0 0 0 0 0 0 0 0 0 0 0 0 0 0 0 0 0 0 0 0 0 0 0 0 0 0 0 0 0 0 0 0 0 0 0 0 0 0 0 0 0 0 0 0 0 0 0 0 0 0 0 0 0 0 0 0 0 0 0 0
alloc 0
tile_diff 0
tile_cert 0
flip_stats 0
counts 7 113492679014 185041055218 118599148080390 3599107281359297 42692611781 0 3363
secs 3864.2512275370082 3335.8420993910054 23139.320441889966 395.8803316139996 11265.336528080001
