mandelbrot tree result 1
base 1266 box -2 0.5 0 1.2 depth 13 safety 4 m 16 strata 2 max_iter 68719476736 seed 4 first_newton 8192 center_max_iter 16384 center_first_newton 8192 center_hint_newton 0 center_max_period 256 newton_max_period 256 newton_iters 30 newton_close2 inf newton_repel2 2.0000000000000004 newton_tol 1e-10 newton_margin 9.9999999999999995e-07 prec double rows -1 leaf_stats 0 tiles 0 flip_stats 0 roulette 8388608 1 2 ks 16384 32768 65536 131072 262144 524288 1048576 2097152 4194304 8388608 16777216 33554432 67108864 134217728 268435456 536870912 1073741824 2147483648 4294967296 8589934592 17179869184 34359738368 68719476728
shard 7 8
certified 322 46240 46240 46240 46240 46240 46240 46240 46240 46240 46240 46240 46240 46240 46240 46240 46240 46240 46240 46240 46240 46240 46240 46240 5931 5931 5931 5931 5931 5931 5931 5931 5931 5931 5931 5931 5931 5931 5931 5931 5931 5931 5931 5931 5931 5931 5931 14340 14340 14340 14340 14340 14340 14340 14340 14340 14340 14340 14340 14340 14340 14340 14340 14340 14340 14340 14340 14340 14340 14340 33532 33532 33532 33532 33532 33532 33532 33532 33532 33532 33532 33532 33532 33532 33532 33532 33532 33532 33532 33532 33532 33532 33532 79882 79882 79882 79882 79882 79882 79882 79882 79882 79882 79882 79882 79882 79882 79882 79882 79882 79882 79882 79882 79882 79882 79882 188541 188541 188541 188541 188541 188541 188541 188541 188541 188541 188541 188541 188541 188541 188541 188541 188541 188541 188541 188541 188541 188541 188541 454176 454176 454176 454176 454176 454176 454176 454176 454176 454176 454176 454176 454176 454176 454176 454176 454176 454176 454176 454176 454176 454176 454176 1086172 1086172 1086172 1086172 1086172 1086172 1086172 1086172 1086172 1086172 1086172 1086172 1086172 1086172 1086172 1086172 1086172 1086172 1086172 1086172 1086172 1086172 1086172 2465711 2465711 2465711 2465711 2465711 2465711 2465711 2465711 2465711 2465711 2465711 2465711 2465711 2465711 2465711 2465711 2465711 2465711 2465711 2465711 2465711 2465711 2465711 5175720 5175720 5175720 5175720 5175720 5175720 5175720 5175720 5175720 5175720 5175720 5175720 5175720 5175720 5175720 5175720 5175720 5175720 5175720 5175720 5175720 5175720 5175720 10452012 10452012 10452012 10452012 10452012 10452012 10452012 10452012 10452012 10452012 10452012 10452012 10452012 10452012 10452012 10452012 10452012 10452012 10452012 10452012 10452012 10452012 10452012 20985145 20985145 20985145 20985145 20985145 20985145 20985145 20985145 20985145 20985145 20985145 20985145 20985145 20985145 20985145 20985145 20985145 20985145 20985145 20985145 20985145 20985145 20985145 40426678 40426678 40426678 40426678 40426678 40426678 40426678 40426678 40426678 40426678 40426678 40426678 40426678 40426678 40426678 40426678 40426678 40426678 40426678 40426678 40426678 40426678 40426678 77405205 77405205 77405205 77405205 77405205 77405205 77405205 77405205 77405205 77405205 77405205 77405205 77405205 77405205 77405205 77405205 77405205 77405205 77405205 77405205 77405205 77405205 77405205
exact 14 174777 27520 75049 202139 558874 1667493 5160470 15762073 49204523 156244779 500874883 1624315402 5334006908 17675523240
area 23 38183115726 140950622632 552512097084 34479118573 131671936461 520780456947 32686193236 127295310670 506048505600 31816615198 125176227414 498956397642 31394249834 124121594776 495406342192 31188669008 123583531000 493566250330 31088367791 123303689813 492587719311 31039301665 123156041919 492058224743 31015263608 123077257508 491768130846 31003460456 123034728176 491607362676 30997645240 123017416668 491523500742 30994780378 123007820724 491476903038 30993366774 123005505476 491454579894 30992669734 123004245244 491442874790 30992325198 123004970476 491438267030 30992154870 123005317868 491435935750 30992069158 123006180908 491435443558 30992026470 123006609516 491435195302 30992005542 123007153132 491435407782 30991994918 123007429996 491435515302 30991989350 123007753452 491435752230 30991987174 123007879276 491435841062 30991985510 123008082796 491436018982
diff 23 3703997153 5552133911 13069212915 1792925337 2588794951 5825637127 869578038 1213601862 2616213960 422365364 570834890 1178388634 205580826 269514994 532332240 100301217 127735219 241088899 49066126 60697510 109149646 24038057 28820105 49015271 11803152 13648404 21644254 5815216 12271350 15178702 2864862 5923044 6852676 1413604 5703248 5966192 697040 2798688 2867840 344536 2759232 2776000 170328 1363136 1366592 85712 1371392 1371904 42688 683008 683520 20928 669696 669696 10624 339968 339968 5568 356352 356352 2176 139264 139264 1664 212992 212992 0 0 0
float_area 23 0 0 0 0 0 0 0 0 0 0 0 0 0 0 0 0 0 0 0 0 0 0 0 0 0 0 0 0 0 0 0 0 0 0 0 0 0 0 0 0 0 0 0 0 0 0 0 0 0 0 0 0 0 0 0 0 0 0 0 0 0 0 0 0 0 0 0 0 0
delta 23 0 0 0 0 0 0 0 0 0 0 0 0 0 0 0 0 0 0 0 0 0 0 0 0 0 0 0 0 0 0 0 0 0 0 0 0 0 0 0 0 0 0 0 0 0 0 0 0 0 0 0 0 0 0 0 0 0 0 0 0 0 0 0 0 0 0 0 0 0
alloc 0
tile_diff 0
tile_cert 0
flip_stats 0
counts 7 113782952200 185528933764 114925505172726 3480632098737719 40819602950 0 3448
secs 5927.869571493 5457.2419129780083 20895.308414427935 375.22230718499981 11209.330840957
