mandelbrot tree result 1
base 1266 box -2 0.5 0 1.2 depth 13 safety 4 m 16 strata 2 max_iter 68719476736 seed 4 first_newton 8192 center_max_iter 16384 center_first_newton 8192 center_hint_newton 0 center_max_period 256 newton_max_period 256 newton_iters 30 newton_close2 inf newton_repel2 2.0000000000000004 newton_tol 1e-10 newton_margin 9.9999999999999995e-07 prec double rows -1 leaf_stats 0 tiles 0 flip_stats 0 roulette 8388608 1 2 ks 16384 32768 65536 131072 262144 524288 1048576 2097152 4194304 8388608 16777216 33554432 67108864 134217728 268435456 536870912 1073741824 2147483648 4294967296 8589934592 17179869184 34359738368 68719476728
shard 5 8
certified 322 46426 46426 46426 46426 46426 46426 46426 46426 46426 46426 46426 46426 46426 46426 46426 46426 46426 46426 46426 46426 46426 46426 46426 5980 5980 5980 5980 5980 5980 5980 5980 5980 5980 5980 5980 5980 5980 5980 5980 5980 5980 5980 5980 5980 5980 5980 14085 14085 14085 14085 14085 14085 14085 14085 14085 14085 14085 14085 14085 14085 14085 14085 14085 14085 14085 14085 14085 14085 14085 34437 34437 34437 34437 34437 34437 34437 34437 34437 34437 34437 34437 34437 34437 34437 34437 34437 34437 34437 34437 34437 34437 34437 81127 81127 81127 81127 81127 81127 81127 81127 81127 81127 81127 81127 81127 81127 81127 81127 81127 81127 81127 81127 81127 81127 81127 190323 190323 190323 190323 190323 190323 190323 190323 190323 190323 190323 190323 190323 190323 190323 190323 190323 190323 190323 190323 190323 190323 190323 454797 454797 454797 454797 454797 454797 454797 454797 454797 454797 454797 454797 454797 454797 454797 454797 454797 454797 454797 454797 454797 454797 454797 1106306 1106306 1106306 1106306 1106306 1106306 1106306 1106306 1106306 1106306 1106306 1106306 1106306 1106306 1106306 1106306 1106306 1106306 1106306 1106306 1106306 1106306 1106306 2504317 2504317 2504317 2504317 2504317 2504317 2504317 2504317 2504317 2504317 2504317 2504317 2504317 2504317 2504317 2504317 2504317 2504317 2504317 2504317 2504317 2504317 2504317 5283773 5283773 5283773 5283773 5283773 5283773 5283773 5283773 5283773 5283773 5283773 5283773 5283773 5283773 5283773 5283773 5283773 5283773 5283773 5283773 5283773 5283773 5283773 10755099 10755099 10755099 10755099 10755099 10755099 10755099 10755099 10755099 10755099 10755099 10755099 10755099 10755099 10755099 10755099 10755099 10755099 10755099 10755099 10755099 10755099 10755099 21612179 21612179 21612179 21612179 21612179 21612179 21612179 21612179 21612179 21612179 21612179 21612179 21612179 21612179 21612179 21612179 21612179 21612179 21612179 21612179 21612179 21612179 21612179 41582357 41582357 41582357 41582357 41582357 41582357 41582357 41582357 41582357 41582357 41582357 41582357 41582357 41582357 41582357 41582357 41582357 41582357 41582357 41582357 41582357 41582357 41582357 79542397 79542397 79542397 79542397 79542397 79542397 79542397 79542397 79542397 79542397 79542397 79542397 79542397 79542397 79542397 79542397 79542397 79542397 79542397 79542397 79542397 79542397 79542397
exact 14 174705 27455 74142 207407 580854 1688144 5092554 15539971 48693135 154931304 497443119 1618367872 5321305405 17652532152
area 23 38933488265 144118480113 565363463391 35281890776 134942453296 533931107816 33511154674 130613530804 519347898600 32652069401 128517647379 512329855789 32234772921 127474189103 508815500247 32031636362 126941623990 506993106364 31932529200 126664487472 506023432414 31884071481 126518205195 505498319733 31860323139 126440058417 505210246595 31848659844 126397824234 505050380598 31842922176 126380630716 504967058600 31840092902 126371127828 504920863988 31838696994 126368842212 504898822820 31838004478 126367582508 504887144540 31837662134 126368295660 504882546508 31837492734 126368649932 504880247836 31837409518 126369485228 504879760348 31837366814 126369916108 504879520284 31837344446 126370499724 504879748508 31837334622 126370753228 504879845596 31837329246 126371066188 504880077148 31837326558 126371225036 504880197340 31837325150 126371397068 504880346588
diff 23 3651597489 5488067171 12964028495 1770736102 2558611802 5766143644 859085273 1197807885 2580450495 417296480 562822868 1159080164 203136559 265561379 522456479 99107162 125786514 236134024 48457719 59719437 106701579 23748342 28359570 47854844 11663295 13432233 21112881 5737668 12084246 14850630 2829274 5837868 6718212 1395908 5628368 5870288 692516 2780688 2841424 342344 2741056 2756544 169400 1355840 1360704 83216 1331456 1331968 42704 683264 683264 22368 715776 715776 9824 314368 314368 5376 344064 344064 2688 172032 172032 1408 180224 180224 0 0 0
float_area 23 0 0 0 0 0 0 0 0 0 0 0 0 0 0 0 0 0 0 0 0 0 0 0 0 0 0 0 0 0 0 0 0 0 0 0 0 0 0 0 0 0 0 0 0 0 0 0 0 0 0 0 0 0 0 0 0 0 0 0 0 0 0 0 0 0 0 0 0 0
delta 23 0 0 0 0 0 0 0 0 0 0 0 0 0 0 0 0 0 0 0 0 0 0 0 0 0 0 0 0 0 0 0 0 0 0 0 0 0 0 0 0 0 0 0 0 0 0 0 0 0 0 0 0 0 0 0 0 0 0 0 0 0 0 0 0 0 0 0 0 0
alloc 0
tile_diff 0
tile_cert 0
flip_stats 0
counts 7 114141302676 185943881184 116435172377875 3562492150818823 40985247479 0 3449
secs 8105.6016507070026 7599.3484032250017 19024.721475086986 788.44715281999856 11588.136561539
