mandelbrot tree result 1
base 1266 box -2 0.5 0 1.2 depth 13 safety 4 m 16 strata 2 max_iter 68719476736 seed 4 first_newton 8192 center_max_iter 16384 center_first_newton 8192 center_hint_newton 0 center_max_period 256 newton_max_period 256 newton_iters 30 newton_close2 inf newton_repel2 2.0000000000000004 newton_tol 1e-10 newton_margin 9.9999999999999995e-07 prec double rows -1 leaf_stats 0 tiles 0 flip_stats 0 roulette 8388608 1 2 ks 16384 32768 65536 131072 262144 524288 1048576 2097152 4194304 8388608 16777216 33554432 67108864 134217728 268435456 536870912 1073741824 2147483648 4294967296 8589934592 17179869184 34359738368 68719476728
shard 3 8
certified 322 46623 46623 46623 46623 46623 46623 46623 46623 46623 46623 46623 46623 46623 46623 46623 46623 46623 46623 46623 46623 46623 46623 46623 6018 6018 6018 6018 6018 6018 6018 6018 6018 6018 6018 6018 6018 6018 6018 6018 6018 6018 6018 6018 6018 6018 6018 13917 13917 13917 13917 13917 13917 13917 13917 13917 13917 13917 13917 13917 13917 13917 13917 13917 13917 13917 13917 13917 13917 13917 34890 34890 34890 34890 34890 34890 34890 34890 34890 34890 34890 34890 34890 34890 34890 34890 34890 34890 34890 34890 34890 34890 34890 83572 83572 83572 83572 83572 83572 83572 83572 83572 83572 83572 83572 83572 83572 83572 83572 83572 83572 83572 83572 83572 83572 83572 204616 204616 204616 204616 204616 204616 204616 204616 204616 204616 204616 204616 204616 204616 204616 204616 204616 204616 204616 204616 204616 204616 204616 485114 485114 485114 485114 485114 485114 485114 485114 485114 485114 485114 485114 485114 485114 485114 485114 485114 485114 485114 485114 485114 485114 485114 1151421 1151421 1151421 1151421 1151421 1151421 1151421 1151421 1151421 1151421 1151421 1151421 1151421 1151421 1151421 1151421 1151421 1151421 1151421 1151421 1151421 1151421 1151421 2578205 2578205 2578205 2578205 2578205 2578205 2578205 2578205 2578205 2578205 2578205 2578205 2578205 2578205 2578205 2578205 2578205 2578205 2578205 2578205 2578205 2578205 2578205 5403811 5403811 5403811 5403811 5403811 5403811 5403811 5403811 5403811 5403811 5403811 5403811 5403811 5403811 5403811 5403811 5403811 5403811 5403811 5403811 5403811 5403811 5403811 10922908 10922908 10922908 10922908 10922908 10922908 10922908 10922908 10922908 10922908 10922908 10922908 10922908 10922908 10922908 10922908 10922908 10922908 10922908 10922908 10922908 10922908 10922908 21862362 21862362 21862362 21862362 21862362 21862362 21862362 21862362 21862362 21862362 21862362 21862362 21862362 21862362 21862362 21862362 21862362 21862362 21862362 21862362 21862362 21862362 21862362 41469197 41469197 41469197 41469197 41469197 41469197 41469197 41469197 41469197 41469197 41469197 41469197 41469197 41469197 41469197 41469197 41469197 41469197 41469197 41469197 41469197 41469197 41469197 78461148 78461148 78461148 78461148 78461148 78461148 78461148 78461148 78461148 78461148 78461148 78461148 78461148 78461148 78461148 78461148 78461148 78461148 78461148 78461148 78461148 78461148 78461148
exact 14 174575 27683 72880 210063 604023 1782040 5100993 15590297 48431830 152766623 489067714 1588919112 5212891069 17277354563
area 23 40330190119 149338012875 585877897937 36560605974 139881331596 553513999008 34735798971 135423225257 538502823351 33851625874 133264736870 531274204078 33422462033 132189878187 527651950563 33213638530 131640919938 525771626284 33111794989 131355175187 524770587501 33061983919 131204245453 524228133167 33037590022 131123674500 523930788714 33025609786 131080201868 523766086864 33019721044 131062538468 523680473910 33016813520 131052769176 523632980406 33015378040 131050413368 523610269070 33014666584 131049119552 523598287894 33014316088 131049854992 523593597702 33014138864 131050222112 523591177126 33014052192 131051092320 523590669190 33014009264 131051521376 523590415750 33013987344 131052092192 523590628806 33013976816 131052365344 523590734982 33013970864 131052709920 523590982278 33013968432 131052850336 523591085702 33013967280 131052989856 523591203718
diff 23 3769584145 5656337825 13333500301 1824807003 2634413213 5928861357 884173097 1232772593 2655123433 429163841 578995449 1192695595 208823503 273103435 537653757 101843541 129288523 242888047 49811070 61393924 109721960 24393897 29127775 49153625 11980236 13797414 21682666 5888742 12403594 15240138 2907524 6001320 6909352 1435480 5789632 6043616 711456 2856160 2922112 350496 2805888 2822656 177224 1418560 1424320 86672 1386752 1387264 42928 686848 687872 21920 701440 701440 10528 336896 336896 5952 380928 380928 2432 155648 155648 1152 147456 147456 0 0 0
float_area 23 0 0 0 0 0 0 0 0 0 0 0 0 0 0 0 0 0 0 0 0 0 0 0 0 0 0 0 0 0 0 0 0 0 0 0 0 0 0 0 0 0 0 0 0 0 0 0 0 0 0 0 0 0 0 0 0 0 0 0 0 0 0 0 0 0 0 0 0 0
delta 23 0 0 0 0 0 0 0 0 0 0 0 0 0 0 0 0 0 0 0 0 0 0 0 0 0 0 0 0 0 0 0 0 0 0 0 0 0 0 0 0 0 0 0 0 0 0 0 0 0 0 0 0 0 0 0 0 0 0 0 0 0 0 0 0 0 0 0 0 0
alloc 0
tile_diff 0
tile_cert 0
flip_stats 0
counts 7 111614636745 181876773604 118024804289814 3614474603211599 42430130394 0 3358
secs 6301.9240747809836 5995.4047341999849 20589.206562614028 391.41473489399982 10998.718163108
