S1_2048 0 4099 -0.74999979654200555 0.00076687049182916193 9.80783343893672400285387716221847672164643717161724989495042e-17 0.00881322550128841274152957652177065028809010982513427734375 1 -2.2e-25 0 2.19059971762242347787570224384699853749933902792328237355462e-33 -6.21138127009224087884726726970800043232535896533359157795084e-19
S1_1448 0 2899 -0.74999959306696617 0.0010845643185604047 3.92521314605529834319394302722443709556562858398534587855977e-16 0.008824827672224498653630320177398971281945705413818359375 1 -2.4e-25 0 1.16763503599004217823810106159917590003738216391813686441064e-32 -6.78218828147549905074613446055223405226002750445832940526247e-19
S1_1024 0 2051 -0.74999918650467212 0.0015335015703197229 1.56963829743792918238624839873480915327031348302511126746595e-15 0.00884122321250133992587283415787169360555708408355712890625 1 7.3e-27 0 -1.36403774453186899153259874651408006181457816033860056184176e-32 -4.98212196190289425205776077148954207908156086103779267709735e-19
S1_724 0 1451 -0.74999837321637142 0.002168650195933138 6.28247158706522544127227208714256540893715579504386070652799e-15 0.00886441969930123509213704124931609840132296085357666015625 1 1.4e-25 0 -2.51598879782066699432192322167918420072526015053357621148728e-31 -5.40891625283854429949742732296934955805292650184639769231354e-19
S1_512 0 1027 -0.74999674868463273 0.0030660478456175726 2.51258716730734110376877402747729819244100132880070930241345e-14 0.00889719356440791565854286915282500558532774448394775390625 1 -2.5e-27 0 4.83231968348978501694290164406958911730961002337563978358896e-31 1.78034293587888636848676761771235579838376781068618544181387e-19
S1_362 0 727 -0.7499935003441186 0.0043353933256424617 1.00582415469798614473290290289628298064147221557718125950487e-13 0.00894354778318251324165100157870256225578486919403076171875 1 8.6e-27 0 -3.44815204788140795284379836613385019872881676043554600215723e-30 -1.04788905374319147459335482510132143125245255881995232270093e-19
S1_256 0 515 -0.7499870156266002 0.0061282935527400273 4.02344274376884273208515314339472531410864947210015429845953e-13 0.00900900584904747690762061296254614717327058315277099609375 1 -5.1e-27 0 -2.35195361648343173824712059506939226719447416385933279312817e-29 -3.26349621345046168765145652587595980712526599919727303932004e-19
S1_181 0 365 -0.74997405943600337 0.008663212652387009 1.6109846192210305967076336934895336872736182343146538187284e-12 0.00910150012041982363342196293842789600603282451629638671875 1 -6.3e-28 0 -2.480716761251727489419849115556016503107111308285419756591e-29 3.1049072904446224696277667217816637417548118504850978844993e-20
S1_128 0 259 -0.74994822247775184 0.01224153346708489 6.44527438857283040280499470750162854890824570830432094226126e-12 0.00923188943443119421072839969610868138261139392852783203125 1 4.1e-28 0 9.61431638443268945134799247680660580608552845459261664508051e-29 -6.03117000777133891821086622662516559268588257002144696269919e-19
S1_108 0 219 -0.74992734976979447 0.014501939327089288 1.272080376310999463936544977160788237602329076025853282772e-11 0.00931410521851811466775838965759248821996152400970458984375 1 5.2e-28 0 -2.49256483160678222904340098324411023108944843680322005684596e-28 6.615316780780268094247182189350404117855101736998975608256e-19
S1_90 0 183 -0.74989552678217197 0.017392334977338525 2.63846244856215565148088373005047361542774186915494283312e-11 0.0094190131618337412378050288452868699096143245697021484375 1 -2.3e-28 0 7.38410871117591525419457295036309943240615167965817014742874e-28 1.7313098597290602280640327114029096585893190286284751017859e-19
S1_76 0 155 -0.7498537060360625 0.020583202213812858 5.18943073536549117963493848515384469430311575877112773014233e-11 0.00953447182410645417693917380574930575676262378692626953125 1 2.1e-28 0 2.91200788226437262705754110072188552640559248486645936636533e-27 3.36664164041065206278834664026989424687654576838488694294493e-19
S1_64 0 131 -0.74979405283813949 0.024424125914520704 1.03185591965354609068669308831516168503683594792619260260835e-10 0.00967284814834655330695323272038876893930137157440185546875 1 -2.1e-28 0 4.65119197751629079444561150615371199747396776752760336737726e-27 6.60784852436227656150444702245373133801482593198693736916138e-19
S1_54 0 111 -0.74971126186270065 0.028921761437291655 2.03508355284235327673020100358624358966030953865811170544475e-10 0.009833866016708096846610231978047522716224193572998046875 1 -3.8e-30 0 9.17803104338493739758152176476572419312996679940331815233369e-27 1.43707732138337035239474247178797757799978575719882466481953e-19
S1_45 0 93 -0.74958516283700294 0.034667675565180384 4.21550177415697393470713721542607495262888761544672888703644e-10 0.010037630345593621938871109477986465208232402801513671875 1 -9.9e-29 0 -2.49227544866447899100637544553237540892017948357961288012337e-26 6.66720909562949576071166955302158470746423046557967324876603e-19
S1_38 0 79 -0.74941959735649288 0.04100429373938843 8.2748208709850448460188121902868924051333010538655798882246e-10 0.01025928497818044508871349052014920744113624095916748046875 1 -5.4e-29 0 3.1042689209605192258287975694590003132232799018089960995279e-26 -8.42675335702433743356884059516695632866366605698803249335782e-19
S1_32 0 67 -0.74918359386647815 0.048622988137691267 1.64018932759649232639764655197929521524002893784199841320515e-09 0.01052066809665426656839049002201136318035423755645751953125 1 -2.9e-29 0 -2.31513577219427227606120977508694441310505269071359880652144e-26 -3.37914834244549189555546788396845934004504862456429669335944e-19
S1_27 0 57 -0.74885614583389748 0.057532594018841705 3.21952735638559768240069618411118568257478500527213327586651e-09 0.01081786779539983291142934973549927235580980777740478515625 1 -8.0e-31 0 5.22937888362458913326984927361308094626141434531742552067928e-26 -4.7086019523001201223224170206736358692151210479989861465433e-19
S1_22 0 47 -0.74828222010058598 0.070444099944614938 7.22939225236580839895287266976854623212744854754419066011906e-09 0.01122905860347828306544659682231213082559406757354736328125 1 1.3e-29 0 -2.78985794320372878212815585717305773101385170616786903698606e-25 5.63585307531155609149973137497326004194421676494900289022816e-19
S1_19 0 41 -0.74770116210288529 0.081409943287790276 1.28486623859902765809160951702289077402951988915447145700455e-08 0.0115569563199134639486231890259659849107265472412109375 1 1.9e-30 0 -6.4875545737959286705253169677441363746193440702993412875128e-25 -8.03137184694112407416091660457964744965023137342278449976596e-19
S1_16 0 35 -0.74676325932698318 0.096426575289937033 2.50575725638494952641433048115202075756258182082092389464378e-08 0.01196909465193078843381346842988932621665298938751220703125 1 6.0e-30 0 -2.57165032078320230973362648716027477465407049567132151409668e-25 4.47075263119001349046406321784110068321019283062026024614874e-20
S1_13 0 29 -0.74509875852496787 0.11825251597555507 5.54401170721482875355247247912277019921134524338413029909134e-08 0.012481484955759673816100274734708364121615886688232421875 1 -3.9e-30 0 1.55122036555021925543178691094045388128547030737221054148703e-24 -8.51050883417065976674029892176024711365504499918811917233419e-19
S1_11 0 25 -0.74314407234475244 0.13928555985877134 1.03489418322867957728176751229509644502968512824736535549164e-07 0.01286785350296046868956434394704047008417546749114990234375 1 -5.0e-30 0 -1.76264736938598587271463512691280673483680687217404706498209e-24 3.97534381902001209070318535813192144300569389773977068596247e-20
S1_9 0 21 -0.73970977487949674 0.16944396535288195 2.13675506072766478029510131206314405005741718923673033714294e-07 0.0132276302750623138415608792683997307904064655303955078125 1 7.6e-31 0 9.18988313317544097458587257600843888803127199164362083114082e-24 -6.29626043022152951900698448215944624091550281215002356910437e-19
S1_8 0 19 -0.73691724870654851 0.19002393925612177 3.2165164771169896341181278220933137390602496452629566192627e-07 0.01334290247131118649359660111031189444474875926971435546875 1 3.0e-30 0 -1.09838168293435622997319368154992862637398249157014829911371e-23 -3.96191684471898985354660474755022429260037167368850119335277e-19
S1_7 0 17 -0.73279580576606285 0.21629178173519178 5.02026050173928654509608853623303659219345718156546354293823e-07 0.01334664368044819783565291260174490162171423435211181640625 1 -8.1e-31 0 1.09600397450089371887521005124520805363331583324309111149037e-23 -6.99576912000509590120218765292589266514110560163250884455066e-19
S1_6 0 15 -0.72635088654338276 0.25095472988962347 8.15175888075858401921980171678239202037730137817561626434326e-07 0.01313610129775559694220721240753846359439194202423095703125 1 -1.3e-30 0 4.20291271407781390301752096316157238639501405745660324143691e-24 -2.09566108772916895119600423837917542897825959844467847478094e-19
S1_5 0 13 -0.71547659844792932 0.29870768432097206 1.3789831070855000069762599790301749180798651650547981262207e-06 0.01253667832348184275892410965980161563493311405181884765625 1 1.8e-30 0 -4.54324420127823863237136502196159028864188832554569389422366e-23 5.42191544516821611596072049405651944297542692306269337260138e-19
S1_4 0 11 -0.69513105965856126 0.36835384062015891 2.42093690936521893687931490657394562049375963397324085235596e-06 0.0112824739545766446202623711769774672575294971466064453125 1 1.6e-30 0 -1.26062296979890347649328892794543803201831327860125792300703e-22 -2.24973936713798774666706284627232796411074938902624345896109e-19
F2_2048 0 4101 -0.74999983061735576 0.00076692674994247262 3.35712922086075775371944422903245886485623212653315889514305e-18 0.00030225762299547855906090010336129125789739191532135009765625 1 -2.9e-24 0 -1.47092118466219241911643465973082401814211029956558660786252e-34 4.17681271084065108417671693988751797821066299056370994119414e-22
F2_1448 0 2901 -0.74999966116894146 0.0010846768986672681 1.34374626432286876231325959619664813283862225788147480576296e-17 0.000302941179788195167222469850187849260692019015550613403320312 1 5.4e-25 0 4.7061847080931988353882383262879217945423838709601832779343e-34 2.56990080243879972478126696235106128123361895729912939174977e-20
F2_1024 0 2053 -0.74999932250029788 0.0015337267949178876 5.37449121074162112385159446419534014198403181058680266879435e-17 0.000303908804242952214607481620234352703846525400876998901367188 1 -6.5e-25 0 1.87959173202759102406708542476483361376569403554214244757839e-33 -8.55140409722196017130667862303793505603098673049648390485922e-21
F2_724 0 1453 -0.7499986447568745 0.0021691010593727594 2.15172806930354903437839597724255059041078365399471405972065e-16 0.000305281136467594894478433387163818224507849663496017456054688 1 1.4e-26 0 7.58728051396696638575053276186536333636144475868365048863578e-33 -1.55989340931931049419948291141663146600062219180470440149525e-21
F2_512 0 1029 -0.7499972902055233 0.0030669502768210411 8.60889524543883838384621130646196503073348576997453340808875e-16 0.000307226766225787532860191930694782058708369731903076171875 1 2.7e-26 0 -2.18827888422610978667420875514967156935503410047677253951626e-32 2.14028758726594552364657896104656084749100936057503855101773e-20
F2_362 0 729 -0.74999457950526638 0.0043372011056708624 3.44818320551526083824223210372487249564214394255412532430682e-15 0.000309992061931529060657408702894599628052674233913421630859375 1 -5.0e-26 0 -1.54164638059142645614713631329315142839979124659427493855958e-31 -2.23917309657887027448295306769516896195233245456237281272201e-20
F2_256 0 517 -0.74998916177065522 0.0061319154663493922 1.38042371826549943728059720779849139885318625928234403943407e-14 0.000313924139413336545593319337754678599594626575708389282226562 1 -3.9e-26 0 7.66919305069554275104614519873116032371301444558483446171983e-31 -1.93675344907370949249443868365781957613945155009187076345679e-20
F2_181 0 367 -0.74997831908705226 0.0086704780740666943 5.53355595555913138534720990436026373599973614270108868140596e-14 0.00031953518764705514387802764986190595664083957672119140625 1 -2.3e-26 0 -3.18813655412398172401673091868099142984185106013041146086405e-31 -8.68957769083753200791622695686979501218755902723867319396335e-21
F2_128 0 261 -0.74995664359576597 0.012256117320261032 2.21755314939230773205729112967728876613200325595975925807579e-13 0.000327556479127027826408341537600676929287146776914596557617188 1 1.2e-27 0 -8.88642560923411746100183989964097135034377346754116537800672e-30 -2.80973342501367279439400424276538191208227992146409881141526e-21
F2_108 0 221 -0.74993909170227346 0.014522474095293114 4.38138027647355563257807820099712725419281722505360221475712e-13 0.000332682664319231403797505475239404404419474303722381591796875 1 1.3e-28 0 1.07949936284807161432865002326825004074476883773364603428769e-30 -1.34899560590114936335711109421652546537231081504331897658305e-20
F2_90 0 185 -0.74991227285917483 0.017421995154594059 9.10017591515962696453455311105092346082856558098228560993448e-13 0.000339302319594232736164191033267911734583321958780288696289062 1 -1.6e-27 0 4.4486211688069918622055427471323211437655745315699258897677e-29 -2.0664832913816634320164385145576116898424663947086605294938e-20
F2_76 0 157 -0.74987693454038873 0.020624934285702477 1.79264752082253295444984959325642154097379954436064508627169e-12 0.000346691857471180531202747943098074756562709808349609375 1 1.6e-28 0 -8.90125616180762200787006497938818770284263622233535244989591e-29 5.26856604353261524934196119863108825312187372917551399426929e-21
F2_64 0 133 -0.74982636692229265 0.024483205641156643 3.57126459207780622480967103221247084445660879836736967263278e-12 0.000355695785214560529496896634782387991435825824737548828125 1 3.5e-29 0 -8.31641635510689345652664286357642990201604887645032492474431e-29 2.3127969375397674895657924095309279013833337907446044488368e-20
F2_54 0 113 -0.74975590986098017 0.029005121612203401 7.05944037793194357155112949579286898797725324783414180274121e-12 0.000366382039518525824770694976351137484016362577676773071289062 1 4.1e-28 0 2.79118351452719124668413578991512534179715482061258094267606e-28 1.41199963083324157435058600885217821021676317855734098341038e-20
F2_45 0 95 -0.74964805454910421 0.034788383140495732 1.46660734721502904074233572992753287834999387229117928654887e-11 0.000380240528394913386654035969414167084323707967996597290039062 1 4.0e-28 0 -1.26018112617763288844172215525486774837533738805108449592277e-27 2.36355105868151028343507394412886991198825058667397027876642e-20
F2_38 0 81 -0.74950556230624221 0.041174567907612113 2.88830917857464074851262270617931063668160085455838270718232e-11 0.000395761809634267622791392593484260942204855382442474365234375 1 1.7e-28 0 6.09125477682962849188032824141821836432516789745646074384824e-28 -4.51231331623953846576062391076532183622963774350939109719378e-21
F2_32 0 69 -0.74930091078859318 0.048864718403379574 5.74758585208552929721139305406778664125910793814000498969108e-11 0.000414698015728559750414650153516049613244831562042236328125 1 1.1e-28 0 -1.76242240831199410778490628671304787967606857581660611681862e-27 2.21179394230095690024606481995742279797737568231400615979994e-20
F2_27 0 59 -0.7490142846215323 0.057874630745156537 1.13329738240837100953145693665305090980233160280477022752166e-10 0.000437121390874960387418202145681789261288940906524658203125 1 -7.0e-29 0 -1.88459876483249366090848099558896425241212263676548583996844e-27 1.1491576249491807759502898829295870752736064175297619159577e-20
F2_22 0 49 -0.74850524577494237 0.070964145525292066 2.56057992034109487142283208618853684868099662708118557929993e-10 0.000469864661431999895788852450451145159604493528604507446289062 1 6.4e-29 0 -9.58251210163729100532926426978585974374029544995893529814689e-27 5.83585806603831449694438091363042191397665343573669975360541e-21
F2_19 0 43 -0.74798216536693052 0.082111935702608121 4.57226225128436197370426935469574052095520499960912275128067e-10 0.00049757102465500919162566528797242426662705838680267333984375 1 8.2e-29 0 -4.35569849337503082940084925216244533960418233566981058408643e-27 7.34017306316379053757574676510356406722845733623091586846077e-21
F2_16 0 37 -0.74712333831642952 0.097423801568206486 8.96298897749775247529890343509747369088458412988984491676092e-10 0.000534699632871293915707677779636242121341638267040252685546875 1 -2.0e-29 0 -3.3886660203226196867773867384045573980456287029372209744581e-27 1.05259261889988959021592743465446224899558218500676546377365e-20
F2_13 0 31 -0.7455609911333283 0.11977258768341828 1.99055810299921712231120766436673341637231260392582044005394e-09 0.00058515613338328584074055083164012103225104510784149169921875 1 -3.0e-29 0 -8.71091754856954695226321419705147643374520977470667087112551e-26 -1.45203526703040201232875736104571426862309018535599465320705e-20
F2_11 0 27 -0.74367390452019022 0.14140993650080286 3.7080609429694908872340471242068718482620681697881082072854e-09 0.00062726643231129680829127881480644646217115223407745361328125 1 2.8e-29 0 1.47508041355155085239243804708830562707144002959198443888851e-26 -4.70717576113115419942693706830896369018818462272704049005959e-20
F2_9 0 23 -0.74025024742743328 0.17258882546625956 7.53650508174592811921539307418518860437472994817653670907021e-09 0.000671322908834457473918611025709424211527220904827117919921875 1 8.3e-30 0 -5.7490051856914820935690621932301230513451280766415527811826e-26 4.74160763464043480703913947411746513778482438558551634094282e-20
F2_8 0 21 -0.73738768068881877 0.19395239276835033 1.11093950653185840177000756807436376849551606937893666327e-08 0.000687729600853699573649591147983528571785427629947662353515625 1 2.0e-29 0 -2.1748584433700179071649836561814511442439666570161022227924e-25 3.79197956354197780106869565570765997264946770251135035574921e-20
F2_7 0 19 -0.73306810630113473 0.22129714054009136 1.66569926410127322791238172741343226412880085263168439269066e-08 0.00069097307554783393875041941356585084577091038227081298828125 1 1.3e-30 0 -2.93797203714409064151787582113699103375244592718438107826021e-25 -1.74753622771321264294727523530433412507023430651190000028987e-20
F2_6 0 17 -0.72615824105418481 0.25746154381113767 2.50523887790142886842721848704093612347776343085570260882378e-08 0.000666031785126927860889167742897143398295156657695770263671875 1 6.8e-30 0 -6.79902462635293032656557843009530060674866395985688336389005e-25 2.05989410644864880335856239956178248387575177505149888815272e-20
F2_5 0 15 -0.71426336093420639 0.30731199061066627 3.65862425176776574045191888114036959933628168073482811450958e-08 0.00058956673626703597242137977474385479581542313098907470703125 1 7.6e-30 0 1.66214920576216507322193480399639732639883661243917463224311e-24 5.04621704043353747364164120466111456844248653071083164254815e-20
F2_4 0 13 -0.69175010200887033 0.37981154350937885 4.84411075401660803231919415808709450388391815067734569311142e-08 0.000440390153979311699348336839321405022928956896066665649414062 1 -1.6e-30 0 1.17481007911716717015112828441177157253871305503295526022096e-24 -9.5835991268923334147466108053702175349938496103649643211974e-21
F0x19_2048 0 8196 -0.7499997846774803 0.0007668259704117753 1.05679711799005751368530755537706723965533749240094940624601e-17 0.01517922318055072057607635116482924786396324634552001953125 1 3.4e-24 0 -7.38824740036232841715887680095598321679245989618101029807552e-34 -4.92579154854609539496702070423897732920076566973539280644423e-19
F0x19_1448 0 5796 -0.74999956938485179 0.0010844752409690205 4.23025844369190620504563409643287569387987366836389319102452e-17 0.0151960437594093437929654299978210474364459514617919921875 1 -1.9e-25 0 -2.48938430532391012904343765530337814023962450112724975047523e-33 -4.22323759359981558147925343649351806589187773814726592318258e-19
F0x19_1024 0 4100 -0.74999913929775774 0.0015333234090038484 1.69208600788936165504790134703168466991382993852739702322907e-16 0.01521976645914252697366908506637628306634724140167236328125 1 -3.8e-25 0 2.25461264458527294587478172152824682936746008089009948783365e-33 8.48449228649134165339560931700815174610170000511777128188173e-19
F0x19_724 0 2900 -0.749998279199939 0.0021682936731376146 6.77516429902513027406105736811804189604428716973971713599667e-16 0.0152532346136702266770068803225512965582311153411865234375 1 -2.4e-26 0 -9.0494490744470051477129144258067739301024943680345302578896e-33 -3.56355882108006588990617706482353485766638409411245953795078e-19
F0x19_512 0 2052 -0.74999656187553365 0.0030653346061257102 2.7110733112072241047884092446336758167738166351579121027271e-15 0.0153003305947190908209432080866463365964591503143310546875 1 -2.4e-26 0 -1.4425432049454740390746797625322213683095329912737401123708e-31 -8.30602663115548168728144129384858944127215393976208313367438e-19
F0x19_362 0 1452 -0.74999313001055401 0.0043339655790867503 1.08607543201452991397712466359001315744910263344502610038944e-14 0.0153665573961805079772346971367369405925273895263671875 1 -2.8e-26 0 -4.07964982532133665174404222857942439615752067599003998570362e-32 1.77207911740838838765563828716949159750151101566265987932725e-19
F0x19_256 0 1028 -0.74998628468075168 0.0061254360186889165 4.34877874949880797497378667379687967810449056305088788576541e-14 0.01545930262377630086401136821905311080627143383026123046875 1 1.6e-26 0 1.90890147061086411962161869518485172432634270516149649404031e-30 -2.84998421254669713305792963388399901304567865934316058668108e-19
F0x19_181 0 728 -0.7499726245177617 0.0086574891430809785 1.74355844684456380898817370690334997831777083532323047165846e-13 0.01558878095968697398421287658720757463015615940093994140625 1 5.1e-28 0 2.11718774243907685588301397161854628918095779304869811104148e-30 5.07276725316721556367943286919045580986481761215974722878386e-19
F0x19_128 0 516 -0.74994543119561874 0.012230069647990545 6.98764005511754867811850652475852234673386886854018484882545e-13 0.0157681034105494298491745297496890998445451259613037109375 1 2.3e-27 0 3.76011136954279147280040735286902059855844494864025071631458e-29 -1.67368013262466827426332450384386376534969904891090783632251e-20
F0x19_108 0 436 -0.74992349887370735 0.014485820420718777 1.38048760557030688109726132616699207527645454351983289598138e-12 0.0158791991745046955075704175897044478915631771087646484375 1 -9.8e-28 0 -1.92673114285742205394092095284545277934232490808992593766285e-29 -1.64998507849072877361283157254527620633980426149024084425676e-18
F0x19_90 0 364 -0.74989011142219042 0.017369095755031389 2.86662683581895378501509177310466148450723844476328849850688e-12 0.0160186836285929057321908430822077207267284393310546875 1 2.0e-27 0 5.50912836380871414682993270283363144645905971423044584437345e-29 1.58136721540061782082942165211468323336470922572103738057425e-18
F0x19_76 0 308 -0.74984631502730048 0.020550572294192861 5.64462216053437154893171085250308614128522677333421597722918e-12 0.0161691753089255492448206297240176354534924030303955078125 1 -1.2e-27 0 2.36321068665231721021781818934301678477045913273185787083947e-28 -8.47189292412603667011393741403207278470854730544487834129064e-19
F0x19_64 0 260 -0.74978397928593066 0.024378050373001101 1.12369359122918570859200625423620723084688899362504344026092e-11 0.0163452445675535927571697669691275223158299922943115234375 1 -2.9e-28 0 6.07586962944614165756909823604210355412649982496264947115066e-28 -1.36973813130595974170432147476229286999668187681093202423543e-18
F0x19_54 0 220 -0.749697693051247 0.028856950646764544 2.21870884171170479512311516000224961321640737565985546098091e-11 0.0165440245039445467389871424757075146771967411041259765625 1 1.4e-28 0 -1.04619162172115619519639571037735658173877631596578898180205e-27 -6.19473849860681496100690586050086736608987909418746684031554e-19
F0x19_45 0 184 -0.74956670792126456 0.034574210667479413 4.60065573716794242973086322948708367167047761370213265763596e-11 0.01678576566684868154322174405024270527064800262451171875 1 -1.7e-28 0 5.1295692171886269657763593272673537477083923259991032949901e-28 -1.71701768453504060103090515045723504907501973364164103361129e-18
F0x19_38 0 156 -0.74939541841007529 0.040873063756855295 9.03669765739194217818914543329596351928234554407026735134423e-11 0.017035632902246140851776345925827627070248126983642578125 1 -2.6e-29 0 1.72558421145121614624957702398386030675692893595775019764154e-27 1.65955653192555353614143478569166296199953383885768208941269e-18
F0x19_32 0 132 -0.74915242406565363 0.048437771053182727 1.79139549706504557172217289656929520291761548378417501226068e-10 0.0173116048458070263815766764992076787166297435760498046875 1 1.1e-28 0 2.57044706427283028336425040269970663150845479710785807017754e-27 1.47742896006600518081657439119203782334287268620870089974595e-18
F0x19_27 0 112 -0.74881723508119014 0.057272373578346081 3.51367937817183193405859194388077965109928868514543864876032e-10 0.01759885235302073580587745027514756657183170318603515625 1 -7.5e-29 0 3.27547961627829306567436092909552403880008917626155869605456e-27 -7.14134803357624631921449605731603389378267010371224951699454e-21
F0x19_22 0 92 -0.74823437735090759 0.070052669935090545 7.86912348319440981999841866728184064383455620372842531651258e-10 0.017944352710048204480042244313153787516057491302490234375 1 -4.9e-29 0 1.32819391582232643075364058518399041767773376208029136519475e-26 -1.11978721020079277252863295229369858796883113615823609685029e-19
F0x19_19 0 80 -0.74764935525101872 0.080886519788631275 1.39364849688117792985230213856015502038587783317780122160912e-09 0.018170351387543907939470244627955253235995769500732421875 1 -9.7e-30 0 -7.17491338472165820221091250859059014301174191405824802740005e-26 -7.06172399740925789361497054006201332887233621304548655470135e-19
F0x19_16 0 68 -0.74671399419553985 0.095692768387517807 2.70045359275013915221514023117660441286602690524887293577194e-09 0.0183790261831573535633577165526730823330581188201904296875 1 -9.0e-30 0 2.00220321517621169494922107911973976713292461354740232144569e-25 1.23405466177975844688565147969590032913732417372605241687178e-18
F0x19_13 0 56 -0.7450756909074534 0.11715539381223233 5.90377444268494193409326133018324989087943777121836319565773e-09 0.0184812776650541653322701307615716359578073024749755859375 1 2.0e-31 0 -2.22495888760549718224133372676682950792710731857362869506702e-25 -1.5078241424761265045602028716373349105788359320897253426641e-18
F0x19_11 0 48 -0.74317875681481493 0.13777989307016364 1.0873201673709863110197909716238967581247720772807952016592e-08 0.01837268038871751885121597069883137010037899017333984375 1 3.2e-30 0 7.06291586077626795714005919532272083852980200793574101556126e-25 -1.126752059800098753890481274486841685132643127631088802304e-18
F0x19_9 0 40 -0.73989538425230938 0.16726800065531769 2.19884644994305049346116904922243673325965573894791305065155e-08 0.0179178128183553157792839982676014187745749950408935546875 1 -1.8e-29 0 -5.7694974833662857296367985248345955190785472692833239302995e-25 8.63134100212088747272424308406827665352011766133720612956259e-19
F0x19_8 0 36 -0.73725768559007754 0.18734465825910851 3.263321913791949500356791746998041947591673306305892765522e-08 0.017446971342043586516989961410217802040278911590576171875 1 1.1e-29 0 -2.7356916798212761570955333106927869293737593169719708592784e-24 -3.85706633404739006536143993329077547596755840405709464362161e-19
F0x19_7 0 32 -0.73339902722657901 0.21293031387801079 5.00616653363908476090519451568577879996269075490999966859818e-08 0.0167091875300220231437275941743791918270289897918701171875 1 8.2e-30 0 -2.10389235448634255048939633628263868093920874523228784772391e-24 -1.09674424286024939706684584260873030663512130407566879872205e-18
F0x19_6 0 28 -0.72741437728439728 0.24664923511834275 7.96541682287641507635364557238233373936964198946952819824219e-08 0.01558442415214919725408027062485416536219418048858642578125 1 3.1e-30 0 8.96776734718135340751034197460594812051702609438328802763251e-25 -5.85886396316717446063568557425804006768110829325832324826484e-19
F0x19_5 0 24 -0.71737753404135418 0.29307225280237248 1.31766949428373272768433201868054638339344819542020559310913e-07 0.013915588758330550700481609283087891526520252227783203125 1 -1.6e-30 0 -6.84165088295373950791132957329873624330486454492280118075645e-24 -6.7126558380221075944131322050713655578332055857005821603023e-19
F0x19_4 0 20 -0.69862409714879492 0.36082946049122799 2.26468737443814784476994001957694813143007195321843028068542e-07 0.01153395808638839163673406318366687628440558910369873046875 1 -3.0e-30 0 -1.25456430453457975270433775602091263463316232255908304660245e-23 8.10576880396865607970925573118091928934536400815059030422471e-19
F0x18_2048 0 8196 -0.74999982195264869 0.00076689394758531386 2.8461556775382376083231288085410885560428193536978611587196e-19 0.00040880535630256052172237790642839172505773603916168212890625 1 -2.5e-23 0 -2.10409448750552481003354166310228314349093581575039893705925e-35 1.12401118914463442091354169139689688502849416265785668662264e-20
F0x18_1448 0 5796 -0.74999964387731355 0.0010846112697649706 1.13985391773591975782716362291566668639504109582227808772359e-18 0.0004094612715466218466620063054506317712366580963134765625 1 6.2e-24 0 1.79439253422558492763552651020910215946279755944656750329914e-35 1.15352448314628260849661288597792504446047416770490720279527e-20
F0x18_1024 0 4100 -0.74999928804184679 0.0015335955365787868 4.56259117626450860010598513704614413779230193491721380427695e-18 0.00041039032193114564732450144646236367407254874706268310546875 1 1.7e-24 0 -3.8389345979750442720420765480160683204485970016447764537193e-34 -2.36688189845101270878447255373340433806754389896960931341345e-20
F0x18_724 0 2900 -0.74999857615829113 0.0021688384063900446 1.82872458533826803143621778865599768574944716201810882005852e-17 0.000411709058449918744761186761849103277199901640415191650390625 1 4.3e-26 0 -1.53803400728497614313167815985932231546060094745909529558024e-33 -2.32736390292198527655383804294617966487107091250661385496527e-20
F0x18_512 0 2052 -0.7499971539814998 0.0030664248591006742 7.32826141171119922279354238727923987502918911469095009092456e-17 0.000413580930549516166769979941264523404242936521768569946289062 1 6.1e-25 0 4.35512649701123320260283187248886608197639721483973316610648e-33 1.93277279410556678441752115680072277939451457366290071599249e-20
F0x18_362 0 1452 -0.7499943096812659 0.0043361494226487251 2.94193684409700887991583786334214609221828949040672407377883e-16 0.00041624587057365676663611697705391634372062981128692626953125 1 2.8e-25 0 2.16655183302577065537165044807797095573440855269574145773407e-32 9.27558537608983574547168567147369853540884707973801660542369e-22
F0x18_256 0 1028 -0.74998862985954573 0.0061298108332530866 1.18160534000349005510327133276724009059383349324462431084726e-15 0.000420044237364093772050394060002531659847591072320938110351562 1 1.1e-25 0 7.85617740041161238348853035299503247574047626904607985209441e-32 2.08240376937903171955062471447126771371894917732548803309929e-21
F0x18_181 0 728 -0.74997727677593595 0.0086662632307177266 4.75889541560782454369557474788218654157567234774806053110296e-15 0.000425482600702185831918755720693070543347857892513275146484375 1 -4.4e-26 0 -2.12012149985911128250775055046651641214075407665503859291029e-31 -1.24489386273799074406074168273544969560915811205931635289451e-20
F0x18_128 0 516 -0.74995462149089809 0.012247676955422693 1.92014200623874870498815007131707974249545771427971629918829e-14 0.000433293608120790716634745942670292606635484844446182250976562 1 -1.8e-26 0 -5.58869139758674984474116921281198199233221247857040765886132e-31 -4.11398917482169760931646215767694141153164854420586826939683e-21
F0x18_108 0 436 -0.74993630699437785 0.014510607778391442 3.81050920332220705384282809371808623311365070429612700309008e-14 0.00043830769904550895450789926854895384167321026325225830078125 1 -7.2e-27 0 8.79322680331274422674967824090900105919025474517653023352095e-31 -2.03304997066201604309482237685579320783918820146604281148481e-20
F0x18_90 0 364 -0.74990836632766167 0.017404889488980505 7.96007164384323883320433813755800913291530568338671969286224e-14 0.000444808050111030926169336519038211008592043071985244750976562 1 1.6e-27 0 8.47896386104941880064084009029312205559879841341830197797679e-32 -9.05667723072297185994720531620342246542261082499801345111791e-21
F0x18_76 0 308 -0.74987161803061519 0.020600919929699972 1.57826375874705150373235594799432958748857530606457544308796e-13 0.000452097991205295676123837589344134357816074043512344360351562 1 4.6e-28 0 8.63280053570581577834018658467538448499840935712643691591856e-30 2.5874259598586838325982972787831477938820597040986674585686e-21
F0x18_64 0 260 -0.74981914771921199 0.024449301267107773 3.16944928342899263169902350638107321701905649824482225085376e-13 0.000461028024778849644747108493803011697309557348489761352539062 1 4.8e-27 0 -2.44211882865489144696587968319729741574834926724860402809296e-29 6.29578565531892360327550889156879577890790313183199783083135e-21
F0x18_54 0 220 -0.74974623244387661 0.028957439010109332 6.32585500878298254849604275370276529420060507291623252967838e-13 0.000471693708999536731769908204370267412741668522357940673828125 1 -4.5e-27 0 -1.08324722579881903029789413225493794535383318803974389329248e-29 -8.34129466986999221533181891731245746241892492761069748382426e-22
F0x18_45 0 184 -0.74963498405289397 0.034719631763552278 1.33102792586099691910795169163255291066953744927303660006146e-12 0.000485633443055396966676201531143419742875266820192337036132812 1 -7.7e-29 0 4.12800463886634523710819368362155655965590440615801246491559e-29 -1.46385845688714813857407818485816324956857801916968632861653e-20
F0x18_38 0 156 -0.74948859272657764 0.041078053254006153 2.65966807130478812687519515323707512081258252933935182227287e-12 0.000501390337735941639396575197906713583506643772125244140625 1 1.8e-29 0 1.09352396744570664893928163072838571592345859969320199052834e-29 2.43299549950835786732912076772152650937235720685592217237166e-20
F0x18_32 0 132 -0.749279326422855 0.048728520088385359 5.3894462535756453924668052178859013398581900844419578788802e-12 0.000520822811224410232681936161469593571382574737071990966796875 1 -3.4e-28 0 -2.74619484494077333137683124598015443828222572090699245548601e-29 -2.05180646847658737037510388882519619180996867306121422456187e-20
F0x18_27 0 112 -0.74898788700193353 0.057683306823369987 1.08639303014646968568427402708579396564680941139613423729315e-11 0.000544138166210437882776285167807372999959625303745269775390625 1 -1.6e-28 0 -4.54902302612021364932693817472369491665325891242937429720646e-29 5.19660348217479142218473228723319995260209763134039026794345e-20
F0x18_22 0 92 -0.7484742066555502 0.070676400533941697 2.53826073223209872644724380117862636008219112682127160951495e-11 0.000578812188504994329374397921128547750413417816162109375 1 -9.9e-29 0 8.65227562595836544412147176715159329585995663382274486535762e-28 -2.49724344067354222772777222621970567981190074646852760341387e-20
F0x18_19 0 80 -0.74795063098982362 0.08172722225366065 4.66940660169627768247031456012700618291022536254786245990545e-11 0.00060879596909845824781459810992600978352129459381103515625 1 -8.6e-29 0 7.34746459836488129774349041816796114471987816201636237001035e-28 5.0196156994634094819933610450922100693756913151394110587239e-20
F0x18_16 0 68 -0.74709851410029493 0.096884642580628191 9.55161620113408961545788155092506777066319045843556523323059e-11 0.0006500737680640313563562582288568592048250138759613037109375 1 -1.4e-28 0 2.04584787130644699344110282117186218926157724766258236020681e-27 -1.49591315315318800639951840390699618937271059383940278683135e-20
F0x18_13 0 56 -0.74556664375874915 0.11896732244952865 2.26449491291765964057641237743706552620892580307554453611374e-10 0.000708881405667335516736227152279070651275105774402618408203125 1 1.1e-28 0 9.54888037142080901592515177567947729595832117436069382535482e-27 6.03848621173593949478748523208555184435287654429520316648819e-21
F0x18_11 0 48 -0.74373896564228614 0.14030702061905034 4.50877186836928485899577204515571195175827057255446561612189e-10 0.000761856783025397009227741573766934379818849265575408935546875 1 -8.0e-29 0 -2.46661054853421675159357751516414689643882078338668864212869e-26 3.13738365879713703052207022991209764784950288452439090243831e-20
F0x18_9 0 40 -0.74046384147115263 0.17100349388552175 1.01420579496236466702516562941914848861024722737056436017156e-09 0.00082644923177321275194195937530139417503960430622100830078125 1 3.3e-29 0 -4.08636961557299626688055894508808462701043093165919703963783e-26 -2.21435124706773916388376380838353943009579324216148411841321e-20
F0x18_8 0 36 -0.73775081827416833 0.19201171664960018 1.60840787327358883734696576826850300534488269477151334285736e-09 0.000859916576195634131500600272346446217852644622325897216796875 1 -9.8e-30 0 -9.77547666631231002961895962787667336562433937933861523586031e-26 5.21895917136533865009248893865833856197141508208384988107276e-20
F0x18_7 0 32 -0.73368178659996008 0.21888739185170591 2.65893794382118921888477419083335329119677226117346435785294e-09 0.00088747932046326252590595640157289381022565066814422607421875 1 -6.1e-30 0 1.48028966496694302832204328595496797619382714360522388121027e-25 1.63356360016298904450487577698190239912580604649218398317229e-20
F0x18_6 0 28 -0.72720236671916694 0.25443264173277463 4.57890256016443462060440711841081962152344431160599924623966e-09 0.000895867237531400750945309585659970252891071140766143798828125 1 3.2e-30 0 3.6519893006425556221198979333611147163094718370456185538013e-25 1.76373093856068415922295534675441603071296054372785956274559e-20
F0x18_5 0 24 -0.7160625466484547 0.30348382187010003 8.1300691151201927712898861653166571183959376867278479039669e-09 0.000858596930972553595319551877906860681832768023014068603515625 1 -2.9e-29 0 8.07047103828578270920575933657679658737106451791031667260034e-26 -2.56219306706330932506271800128577331186826051574235125845268e-20
F0x18_4 0 20 -0.69488335024185299 0.37502293563759592 1.44188479239351884503823769700416035366430378417135216295719e-08 0.000734345894651071396351527109658263725577853620052337646484375 1 4.0e-30 0 5.30406111122409693164482372266221340093816277069162750717242e-25 3.06251502286903380149146624919015280573583360790865595668642e-20
F0x19x19_2048 0 12293 -0.74999978219733343 0.00076679883430481053 1.8993466074284766863365623520433674604261881432306453484915e-18 0.013806572544334365371110351361494394950568675994873046875 1 -5.2e-24 0 1.3506410607998517548260594536931575783953688286359062357598e-34 7.22117240795272774556850825354397400334411900023491972036571e-20
F0x19x19_1448 0 8693 -0.74999956445415639 0.0010844209470104401 7.60555747265974401135540658611571202829825942055451057366433e-18 0.0138248331417216048511154014022395131178200244903564453125 1 5.8e-25 0 4.36904473096306843121372949972379968148908367451472255894142e-34 7.64292258212052690773989275046472719810705780214620886151011e-19
F0x19x19_1024 0 6149 -0.74999912952529468 0.0015332148158247239 3.04368409645195306602760798567110380675561825741456956073705e-17 0.0138505708940727910449819404448135173879563808441162109375 1 2.1e-26 0 -1.42285026993337500005287064052912677293667469876459761722193e-33 8.45909596871478448190459572661976849999784981259769167660778e-19
F0x19x19_724 0 4349 -0.74999825989732405 0.0021680763607013708 1.21953979009976593795176318057589208745321890272998721638231e-16 0.01388684962197623239121835325704523711465299129486083984375 1 -9.1e-25 0 6.66261872305681449035694225862711264371438395777046180545435e-33 -7.56417567780746769861404029519200513102529179701195025456451e-19
F0x19x19_512 0 3077 -0.74999652397797156 0.0030648998525148047 4.88466960578955650662849237482168320798612062838550684773509e-16 0.0139378345886055077240683885975158773362636566162109375 1 -1.2e-25 0 -2.89386190932076735629908220547375557782726884727626229488521e-32 4.20373070636907499315629449707736784881542228210142379818404e-19
F0x19x19_362 0 2177 -0.74999305619035872 0.0043330952732467971 1.95945591338901866936208475437978803945299676944613587181721e-15 0.01400939369264635192546819553172099404036998748779296875 1 9.8e-27 0 5.52532106379845152097958555433542383749160657507649215824694e-32 4.35109148943144961785776091098746710731799119462720991380333e-19
F0x19x19_256 0 1541 -0.74998614274296671 0.00612369410525647 7.86041452233739983087685283931741768903480455099597179469129e-15 0.0141093215637579615095997809248729026876389980316162109375 1 -1.9e-26 0 9.74575626918279477125591272903522029624259372040534798734252e-32 4.85957649439348450824669506790354390726181749315015952206398e-19
F0x19x19_181 0 1091 -0.74997235680699648 0.0086540000713497094 3.15945057763450313959387872524160618869430543209642081592392e-14 0.0142482227436586672553175958455540239810943603515625 1 -1.7e-27 0 1.05519767069534664057661876335859791518242841426895727693873e-30 -5.51490929640111577369388597012288542431165384376755538714532e-19
F0x19x19_128 0 773 -0.7499449424036545 0.012223081243752869 1.2705088948822973422840453603854751643640469405127646496112e-13 0.01443928913538433146668271689350149245001375675201416015625 1 4.8e-27 0 4.43427633215490728428681816021619070720807155093146834164163e-30 -7.53651382732863945629638136198557409902936169064999053293641e-19
F0x19x19_108 0 653 -0.74992285414432769 0.014475994460326849 2.51514576713034776845518337258094983407367278838151491981989e-13 0.0145568032591516065277215119522224995307624340057373046875 1 2.7e-27 0 8.94799762019528188828005677760346200502462832882030501219764e-30 -1.56272115971493025680451894835487204862659018204284122263714e-19
F0x19x19_90 0 545 -0.74988926099999331 0.017354930067222944 5.23574647743281973366086481288189259501210381930746962098056e-13 0.014703297533102677174809969073976390063762664794921875 1 -1.3e-27 0 -2.6997998432609714276352149167239170618230843216498449839786e-29 -1.88281812105108828301203449507612883153465464828606634913044e-19
F0x19x19_76 0 461 -0.74984524476484471 0.020530684299215434 1.03362165723651460094357212232098064820344507364069386312622e-12 0.01485988434412731200306989620685271802358329296112060546875 1 -3.2e-27 0 -1.96222697744840723581367153649242577148734467977806945226879e-29 6.05025925239283943731093274007366384989622101050549740283713e-19
F0x19x19_64 0 389 -0.74978268065593301 0.024349971847219661 2.06359513009633995244951640826180542598669576115355539513985e-12 0.01504087239997223095222533828518862719647586345672607421875 1 1.6e-27 0 -1.92054524649496644358024786410200499635419633292725224252023e-28 -1.60062018300674683869249074986246078592013821963681752431896e-19
F0x19x19_54 0 329 -0.74969622068994901 0.028817465193368759 4.08699562172827586034614679309923937402387883466303719615098e-12 0.0152418573101770170319380071077830507420003414154052734375 1 -1.1e-27 0 2.30759259275703948918087209556493202761013570240778281922262e-28 5.87825591470171317566926355999864980643474251467711253968385e-19
F0x19x19_45 0 275 -0.74956524583229089 0.034517293483991379 8.50362131402228295789556325369817706659458789175687343231402e-12 0.01548049396571797575727913454102235846221446990966796875 1 1.5e-28 0 -3.86957458034750216958957291061194850736737052873472247635696e-28 3.91056143497884028369385888730232158855647742613358824881331e-19
F0x19x19_38 0 233 -0.74939440323151729 0.040793200387270877 1.67550253647609811701572341420654653834643177390262280823663e-11 0.015718782368355187217812130029415129683911800384521484375 1 -5.2e-28 0 -1.14286936469110179316899601436551455020118873288245092618249e-27 8.09640904354370058855149121799662719474398224441311468571603e-20
F0x19x19_32 0 197 -0.74915277549134118 0.048325163796736882 3.33089093981215210370734748698687884699287664602707081940025e-11 0.015968916322530953000313758138872799463570117950439453125 1 7.1e-28 0 2.3413175999755221587715895972014694577327201610357931914622e-27 -1.18059309183011492530441393226164486029408182786714373926906e-18
F0x19x19_27 0 167 -0.74882069734280921 0.05711439586653197 6.54689227225450624883541469739166220737081047786887211259454e-11 0.0162088128055820866746383757117655477486550807952880859375 1 -1.2e-28 0 -6.73115468666537847028221731527788630741897093700782463396869e-28 1.19522754660629734851231626425144712129217407119624377517808e-18
F0x19x19_22 0 137 -0.74824613241521376 0.069815670208447173 1.4672253901767024233169647594229043421898417420834448421374e-10 0.0164523988621585459668494877405464649200439453125 1 3.5e-29 0 -1.15174252461338634605699805505607823894464920331673101046633e-26 1.46519377232519568113831900468089282641993697635260330766616e-18
F0x19x19_19 0 119 -0.74767256391472703 0.080570483829796397 2.5945618142615113495034789851858680193030792793251748662442e-10 0.016561588699165304128246845039029722101986408233642578125 1 1.3e-28 0 2.38777466858225606027021854283358962942543316057196319940315e-26 1.30625263815640026321336111954463790143901744938569227383329e-18
F0x19x19_16 0 101 -0.746760931316785 0.095251718463068805 5.00214084473749733095487635993210001617015336705662775784731e-10 0.0165688184165784964385625954719216679222881793975830078125 1 5.6e-30 0 -4.5233479640568885931743086190886282702934900817033217061292e-27 -1.32153677463127448573321045741855979395004780983742314823259e-18
F0x19x19_13 0 83 -0.74517692328802432 0.11650123103490498 1.07954318350441547155260417695851055119860006925591733306646e-09 0.0163080680996538045224308888236919301562011241912841796875 1 -8.8e-30 0 -9.25386388655811866978717988111586406023804477293088082291657e-26 -7.81180133536079743483295658877257862959435592218855951007761e-19
F0x19x19_11 0 71 -0.7433579452332153 0.13689020721145764 1.95303798922603734424187296866374380366337959458178374916315e-09 0.015797712764060285739464717380542424507439136505126953125 1 -3.7e-30 0 -9.96526689590246954461679940192578958064306954061572771863068e-26 -1.57435463427178620773812923637357865533085735513157748730051e-18
F0x19x19_9 0 59 -0.74023479398328762 0.16600094396944981 3.82158098156075102837264954912591119473574963194550946354866e-09 0.01474012752461460913633306546444146079011261463165283203125 1 -2.7e-29 0 -1.7712038304782823921116358386294649510797487375389413442788e-25 3.91016824712816410182863167098405031561320106808917959617666e-19
F0x19x19_8 0 53 -0.73774027706154222 0.18580123834164725 5.52511457943376704893219180866892337178342131664976477622986e-09 0.01387697783225640309201498467928104219026863574981689453125 1 -4.1e-30 0 -2.12954183071919441172712224543189863243699366787975104550895e-25 -6.63398222203505954098041220969760323293472795171246475173787e-19
F0x19x19_7 0 47 -0.73410347824139432 0.21102127035632159 8.17346446975182046175339908031590163695057071890914812684059e-09 0.01269543943949863647191467208585891057737171649932861328125 1 -1.1e-29 0 6.42048566404409176133038214795916978852272931333116024494622e-25 -8.04939418226506023827807961193951616189372947407834873317922e-19
F0x19x19_6 0 41 -0.72847408993878415 0.24424996224010215 1.23599438147101678649399287852200801651747497089672833681107e-08 0.01111736976908516728868026035570437670685350894927978515625 1 1.1e-29 0 1.79450785699537047566470236150090910384617858193357192895886e-25 4.96116605472863091145769920176869750921987209154321229673257e-19
F0x19x19_5 0 35 -0.71902660836039667 0.29001025558560384 1.90306681252913005707301204779552383783425284491386264562607e-08 0.0090902607385725531230491469614207744598388671875 1 6.9e-30 0 1.58857218093999404184364928612038139253559716837185830386475e-24 -1.95917479903277405953675341963481808765203483033737153970466e-19
F0x19x19_4 0 29 -0.70128711699068469 0.35687487213161101 2.95378758698416414014446335556049461068539585539838299155235e-08 0.006649995937323496288107183005422484711743891239166259765625 1 1.4e-29 0 8.160485251215455656700434885124049262906622192880312989806e-25 -1.63419329557531040633097413234986792827339888862935208830446e-19
F0x19x37_2048 0 12295 -0.74999976992728079 0.00076682403241070773 8.28797407752532506083358889165171835760239345259211510719838e-20 0.00060285468963199788199058826165810387465171515941619873046875 1 8.0e-24 0 -3.03447096250642342133913065590004468862647618326087240172484e-36 -1.58399327876199668283902189740338496707982512321459246619135e-20
F0x19x37_1448 0 8695 -0.74999953987674794 0.0010844713424545504 3.31789975190074119679483943234370525713221368691325922385682e-19 0.00060365907323161986652859667401571641676127910614013671875 1 -2.6e-24 0 2.10819248324562804109876528121479182581861608268245259771048e-36 4.16419978710313085841988944893650580193048752234571220414913e-20
F0x19x37_1024 0 6151 -0.74999908029037143 0.0015333155522828466 1.32731603615425693984331129201901683630986186643264598816749e-18 0.000604793864669580356029088274993910090415738523006439208984375 1 -4.3e-24 0 -2.06684808383012140021771224753599424220633586153335164699774e-35 -7.50300682033788688163407937109529865916232354937665527597874e-22
F0x19x37_724 0 4351 -0.74999816114993478 0.0021682777823427606 5.31556598380675029782421987354130776374344707487190446471015e-18 0.0006063955059361623468883184528976926230825483798980712890625 1 2.0e-24 0 -3.44876293933032079743259239324263264740992821624055395396042e-34 2.92130565258572787107289873117534800130116376843733555631819e-20
F0x19x37_512 0 3079 -0.74999632580047371 0.0030653023384064116 2.12754714450856218862894154434353515448297096196092481612538e-17 0.000608650629258823835064651230908339130110107362270355224609375 1 -1.7e-24 0 9.51437186309232412144586616256886646263608676117469030567557e-34 3.52483422683532336076200103154910494359899087209520083911751e-20
F0x19x37_362 0 2179 -0.74999265769873324 0.0043338996298269879 8.52604690921431306014228299238320307753988565161763768518455e-17 0.0006118243620596704006320276647556966054253280162811279296875 1 -8.2e-26 0 -2.69795752804993640987531522312029160330558969100110078993284e-33 -2.24254531430089041052673152959077077632760677690690643572811e-20
F0x19x37_256 0 1543 -0.7499853401326444 0.0061253001737028431 3.41554404739911370394687068737336464358903009332080191740033e-16 0.000616273824523948438904030755480789594002999365329742431640625 1 -5.0e-26 0 1.0658804037248422623226442233396259031499612754206004062683e-32 -4.31996279333277315842210929165418043551580771899187663432837e-20
F0x19x37_181 0 1093 -0.74997073484485821 0.0086572060750068781 1.37026622330647574336620451750325296290535610418959144851669e-15 0.000622494799727998471099155164409921781043522059917449951171875 1 1.3e-25 0 9.81239852909417267532297236283951814052185947093224112074924e-32 -1.510430664498639751049159055932750944757754852610567972062e-20
F0x19x37_128 0 775 -0.7499416529140106 0.012229471388349027 5.49616891322836170977168733583135469905286453473625130072833e-15 0.000631127361506431008679463001698195512290112674236297607421875 1 1.7e-26 0 1.09775560384894755147779219179465634588873286843785390216839e-31 -2.01533245088661585864429754374814251608351152193517781823114e-20
F0x19x37_108 0 655 -0.74991819252697323 0.014484951227078125 1.08635693018733380318799913706889809412742958771858070576855e-14 0.0006364845505837553318873034413627465255558490753173828125 1 1.2e-26 0 2.80088789962247790520506449455687544492854943986385273300529e-31 4.99503690119328388845221855148531703937635831661089551693558e-20
F0x19x37_90 0 547 -0.74988247293985333 0.017367790673214412 2.25714688459667728429139080140241104281608602866171509049309e-14 0.000643219577577279944154142743428792527993209660053253173828125 1 1.5e-26 0 8.53159200205323108344720106079308425711921422874523102799655e-31 1.43896993667579838782418943773903530669893195614014575725755e-20
F0x19x37_76 0 463 -0.74983560923495673 0.020548658808641727 4.44703461944461790210096974168863012051599627183495755389231e-14 0.0006504959571469906380591918804157103295437991619110107421875 1 3.2e-27 0 -1.19325038959933423867516095267356915909936056488702691457231e-30 -4.17674588053755116802252406697189567740236932028504048116865e-20
F0x19x37_64 0 391 -0.74976889663275303 0.024375209704197293 8.85811464373084838714400177008641948969529245072607182009961e-14 0.000659019785749898577564831469999262480996549129486083984375 1 8.0e-27 0 -4.79492088219906417219055277101572144941444663157852901526261e-30 -4.64575503817695528517067957795903435498628413933506895632311e-20
F0x19x37_54 0 331 -0.74967653800221856 0.028852724758730023 1.75000257742965593132330124525828653984232952112165548896883e-13 0.00066865298962977097463333819860054063610732555389404296875 1 -4.4e-27 0 1.2546025496355362354888814351249731884389805435749552500078e-29 -1.13192148257755048368814300125789502901999063457709297775278e-21
F0x19x37_45 0 277 -0.74953631924683506 0.034567689175355451 3.63059870753991390837779846404863308320220410818635059513326e-13 0.000680373597796625636212330956453797625727020204067230224609375 1 1.1e-27 0 -2.45129281938678714835621767703063144852530524032852576367481e-29 -1.76303198021836322691170518577173931550178844406189871459739e-20
F0x19x37_38 0 235 -0.74935295037949701 0.040863240941233128 7.13320972637714131433257949945098174478891328575969055236783e-13 0.000692478939206281926370400991999076723004691302776336669921875 1 -2.3e-27 0 -1.52390461530274065353801544028207838963199555645803094163124e-29 1.99538415676789060014651900190157391227047074450347746493381e-20
F0x19x37_32 0 199 -0.74909285138232617 0.048422770149963178 1.41391683106576095327825046104871180687248544138867600850062e-12 0.00070580754602202091900486902176226067240349948406219482421875 1 -2.5e-27 0 1.33826566174137161092895495345894781361390426432620053745973e-29 4.55678379795448655713471412323961767876547907637310209656017e-20
F0x19x37_27 0 169 -0.74873419411625031 0.057249423680923138 2.77126857920792326117366775466204837545872163850901870318921e-12 0.000719574166822297138675079697378578202915377914905548095703125 1 7.2e-28 0 1.33309581988500949949665813004544857375224474704827678844097e-28 -2.10447859137914240923000282141194918352605941588050330747113e-20
F0x19x37_22 0 139 -0.74811104278663854 0.070014066529475463 6.19227829230719382095168950330957757712674327521540362795349e-12 0.000735800018515642899157025436096546400221996009349822998046875 1 8.5e-28 0 -2.03611547626403717495428608963869047996341559601697875858066e-28 3.04931594208335246171229686473117175436807940472335674278112e-20
F0x19x37_19 0 121 -0.74748639745529899 0.080830297815019367 1.09323879684947504280916871666268143804129353569010163482744e-11 0.0007459447197607272685149215618594098486937582492828369140625 1 -3.8e-29 0 -6.53520086863266851377614572112175992992413620497601411218536e-28 -1.29338390092023456548510549710704494850490302432236691741567e-20
F0x19x37_16 0 103 -0.74648964500298065 0.095605251378533582 2.10536823237038109491364257868135250774399569451134084374644e-11 0.0007542704465899855055532885472757698153145611286163330078125 1 4.6e-28 0 -3.8441053186760556950698696514648896600866136253840166494403e-28 2.70955984525013940056264196865385966112931540401823527104697e-20
F0x19x37_13 0 85 -0.74475007296580709 0.11700626892117366 4.54394157980316775490465509791584292065280692440865095704794e-11 0.000755020197027059182699748607348055884358473122119903564453125 1 -6.8e-29 0 1.13010044511558077627796126358287027252159917052357627502519e-27 6.10379592145275400725081345678238053139525206267275593942714e-21
F0x19x37_11 0 73 -0.74274592832295694 0.13755231036202836 8.22886338632609515645767129458486993653920649194333236664534e-11 0.000743843239300741982354681081091030137031339108943939208984375 1 -1.9e-28 0 2.21571909465066047938779687018790887594792805386492631246605e-27 9.26690862203286978605747327767358532571694488750235833536897e-21
F0x19x37_9 0 61 -0.73930070746592313 0.16689522508502522 1.6122349100291389138710291980383744123161982031433581141755e-10 0.000710555144487153770953280496058823700877837836742401123046875 1 6.1e-29 0 3.94652368622149409500069153381702870908412661370758035711975e-28 -2.4567173025454718879846001665332066706797414616446923059899e-20
F0x19x37_8 0 55 -0.7365521336635219 0.18685200734695337 2.33032386410541722130824999716829440399301631714479299262166e-10 0.000678761448738858627800774048210996625130064785480499267578125 1 1.7e-28 0 -2.67367220973652019808315204679444987601245221833900868460553e-27 8.8833122523865269698453385117204780853567628756709935119746e-21
F0x19x37_7 0 49 -0.7325567617421247 0.2122630819929916 3.43826131937974281765708641398176896586402762068246374838054e-10 0.000630918596959825057034210171735821859329007565975189208984375 1 -5.0e-29 0 -1.83713851100839643752663771120377087848278705419603520005402e-26 -2.74578447812273211981859545308077268297554861627635314951304e-20
F0x19x37_6 0 43 -0.72640695237210007 0.245721394584799 5.15514815926900808574792065875919827577789078532077837735415e-10 0.000561002893291025575041308659507421907619573175907135009765625 1 3.6e-29 0 3.46094913092055023171587665993734558686141389881398057125323e-26 -3.8523973137553367582372114894988190454046462178662061986642e-20
F0x19x37_5 0 37 -0.71618114821234213 0.2917468823774661 7.76212649283956859535073888724330398725115287561493460088968e-10 0.00046306050319171025188291768159842831664718687534332275390625 1 1.5e-29 0 -8.06813503825928233627740035075973530584417585926109663108436e-27 -2.38412844320466643639055664790434215046019099180044261126338e-20
F0x19x37_4 0 31 -0.69723968036027595 0.35889012342043203 1.14211470116558862558530850156521957439181846893916372209787e-09 0.00033574273537019462716746165398262746748514473438262939453125 1 -4.4e-29 0 -7.22367912666634970304467705248484919881969090479196369651421e-26 1.12373928680067048752200718792200400176887938235860444334026e-20
L4_2048 0 16390 -0.74999978377175713 0.00076678021576772747 3.98565054218122171403280930482586725236160238976799215920854e-19 0.0091551435672163165857551092585708829574286937713623046875 1 1.4e-23 0 1.68116026118418579719051244393983506487231989211925461593071e-35 7.53604302084222357508726937347403737532826020359356857664102e-19
L4_1448 0 11590 -0.74999956762527364 0.00108438369382973 1.59665905764716344394861071813679720072235416044459247256193e-18 0.00917056429775612615140634176214007311500608921051025390625 1 1.5e-24 0 -3.16034762488718426826281168751622297031034880736523915224755e-35 -3.20027611828083701854804037598357165420534951454732534338599e-19
L4_1024 0 8198 -0.74999913592737744 0.0015331403025641767 6.39355503441554306505799543015247848069924667269571354200064e-18 0.00919230003225840995584317028033183305524289608001708984375 1 2.1e-24 0 -8.90071805850757074474054033965615607640033245967243684217017e-35 -2.35972028990919241723997964299539440222433200294212545140848e-19
L4_724 0 5798 -0.74999827287814635 0.0021679272386268089 2.56393108036171987695209470430938368311416371237917988246124e-17 0.0092229386199385969546948871311542461626231670379638671875 1 -7.7e-25 0 -5.54892446869874747900522060386158483091363628914624199625681e-34 8.08156628795320605827387009133715889193903384498784275846717e-20
L4_512 0 4102 -0.74999655042823044 0.0030646014955430178 1.02815699304826900435494096478349828309606196828467072901248e-16 0.00926599763817845083202495715113400365225970745086669921875 1 8.5e-27 0 4.49934075156093377356629432992343478734019740557935057686344e-33 -6.61955528819422692247165337831772978038028149636430672725362e-19
L4_362 0 2902 -0.74999311051151996 0.0043324979462796669 4.13119469210675582290113541135409769792024642842340198534146e-16 0.00932642972826347275983049911474154214374721050262451171875 1 -8.0e-27 0 -2.36806474215896924535866297217878718916485665005223713190162e-32 -6.99599010160353801649615806655959337323066071800438392447319e-20
L4_256 0 2054 -0.74998625538608787 0.0061224983918841541 1.66101982465280708228697318925495373474772030798068955803615e-15 0.0094108033896184994926414901783573441207408905029296875 1 1.3e-25 0 -4.03362765060980307301985109612171633177598616747055306610368e-32 5.63702630766573508342097857081417896512712970021567867803802e-19
L4_181 0 1454 -0.74997259369286151 0.0086516046461493912 6.69722615376508801655450355923500410923801789281339935655524e-15 0.0095280212695170625469831549025911954231560230255126953125 1 -4.0e-26 0 -3.34092322121735150448190944277652180088934124615612157038155e-31 -1.20662904617145330959813678384075496147143366538429594576887e-19
L4_128 0 1030 -0.74994544933498697 0.012218282517137307 2.70446927658560978525048179283121044572633928648741630240693e-14 0.00968904734894023532409956800393047160468995571136474609375 1 -2.0e-26 0 -1.19863659650926179314936515803119750030121572110492641157832e-30 -4.03518712826582727283517807813111189856117426141550344302622e-19
L4_108 0 870 -0.74992359625870508 0.014469246786406419 5.36737899023990167752184083289223207077051590319083373969988e-14 0.00978789720544769037413601608932367525994777679443359375 1 -3.5e-27 0 -5.18941146343483013354281997301017485005857229282784986273535e-31 -4.98528218518144737234977173427133085140916493462439392642116e-19
L4_90 0 726 -0.74989038579679945 0.017345201755493037 1.12076321346420819946090977048610216919776946808973150382371e-13 0.0099108402945366595726550684730682405643165111541748046875 1 -3.2e-27 0 -2.51757174833481906095795604730901486793911284351338719609909e-31 4.06589620364348279632863166456457626508286330691441744743242e-19
L4_76 0 614 -0.74984691049897934 0.020517026259372101 2.21966571252672026732545494998268973476122575827496063993749e-13 0.01004179116662233008094862185544116073288023471832275390625 1 2.2e-27 0 8.35906227555585172401160601046089910881351908633380581665117e-30 -2.49382044334691830640009541421883918242885441991996608654403e-19
L4_64 0 518 -0.74978518225227297 0.02433069071093073 4.44738871762261084777919179824396716984701710684291242614563e-13 0.0101923483005340424767393159299899707548320293426513671875 1 -2.3e-28 0 -1.47917013706919066853160173227822575850775717582902969367594e-29 1.8437811337483510960513150827727400075645300611631131762827e-19
L4_54 0 438 -0.74969999042166202 0.028790357145161375 8.84171196036144591504982901723190427765303178730960098619107e-13 0.01035816755534987344822273058753125951625406742095947265625 1 -1.7e-27 0 2.42217521804172100995693097397946342099579524862098570006864e-29 6.95914679921857734829427470146161036188647741916124891958795e-19
L4_45 0 366 -0.74957115438900546 0.034478236635381965 1.84746375207422327065300671015133423397136525068162882234901e-12 0.01055237934125204113389173699033563025295734405517578125 1 -1.3e-27 0 -1.94177405069473363851793125914444888579913268596999131131885e-28 3.36525397971714275771577341212570372965958892088922008818327e-20
L4_38 0 310 -0.74940344626235145 0.040738440645811912 3.65416260059297191252465742446305302978254436752081346639898e-12 0.010741990675354008699660113279605866409838199615478515625 1 9.3e-28 0 -2.99544199267659598859105051818595038279812680174501986601905e-28 6.35668154087247510881273900838484170066178468260203321404944e-19
L4_32 0 262 -0.74916683316050114 0.048248053561336116 7.28963506200445459708640564415493053734840245283521653618664e-12 0.01093354708441181787070828335117766982875764369964599609375 1 9.7e-28 0 -5.42732425312540608109025941189377848229409289176397474421325e-28 -2.74161659335685371150924588237897668330529318105328001435594e-19
L4_27 0 222 -0.74884261518858419 0.057006438859566334 1.43624119178010340924787577234537320081814160133149016473908e-11 0.01110425440993127732536294161036494188010692596435546875 1 -2.7e-28 0 6.15714987914490469791617869223427754968098852630733010301642e-28 -1.13568227591208215191185902098900388799750741466410247464125e-19
L4_22 0 182 -0.7482839032639268 0.069654356623719035 3.21988030112614531447620926692397861842986905855923396302387e-11 0.01124541290594574007022377060138751403428614139556884765625 1 1.1e-28 0 6.13797935733619362752959784951813227769004506719449551105784e-29 6.09156642130964846633870147482408625390694151248915325785882e-19
L4_19 0 158 -0.74772856363578788 0.080356304818835211 5.67905734709069301951818273242359813926527500882457388797775e-11 0.01126561043718102804456204779626204981468617916107177734375 1 -2.7e-29 0 -1.73059666428515593684448211421938883850553521439608373053313e-27 -1.54150435750355567981027538373244607942176194007055135826167e-19
L4_16 0 134 -0.74684993423898305 0.094954997609780781 1.08642884752486277474301479077487984567507162125821196241304e-10 0.01114989068457258349076344217110090539790689945220947265625 1 -1.7e-28 0 6.45244865072209366025132305528905874092671336912357149203888e-27 -1.0924309192931111802200187911773507461677716335514561583897e-19
L4_13 0 110 -0.74533221054908927 0.11606696402354676 2.29982878052546271216672863394012323035031641893510823138058e-10 0.0107180646533527081099013145149001502431929111480712890625 1 2.2e-28 0 7.63925313447410276548727054398481946546311514748752220676162e-27 -3.15246549459922787324947605548492183505074294398048376404653e-19
L4_11 0 94 -0.74359889144241287 0.13630867262142568 4.0516376147553824323065432349243435855568051806585572194308e-10 0.0100691343621603333902125854137921123765408992767333984375 1 -1.8e-29 0 -3.58035647608624221898261268946329045936762193817599607810198e-27 8.44801954586669854470497862564284037524382032840683520724667e-19
L4_9 0 78 -0.74063555401167369 0.16519381450377893 7.54969938404724152748310080616751110982320938092016149312258e-10 0.0088952507946678908978821453956697951070964336395263671875 1 -6.2e-29 0 4.68970824983339243637715815203577638281791467348626015151707e-26 1.66002644292841889438646545400256942564489073220174804226129e-19
L4_8 0 70 -0.73827315139297389 0.18483680701982472 1.05003717664522744940046706743240131909367107709840638563037e-09 0.00802503551262245817810025982907973229885101318359375 1 -2.6e-29 0 6.2187246831161168075464781150737086640910788942071554879344e-26 -7.97578211570151838290433359352311766664037453145687022945665e-19
L4_7 0 62 -0.73482816217343416 0.20985857080328882 1.4723978527554458847418946933682457056669079520361265167594e-09 0.006925355320376243122015846864769628155045211315155029296875 1 -1.4e-29 0 -7.14116611242111835025319829188134259687510214823092424645811e-26 -3.69944574825957961504155229419850230157702199380084090440945e-19
L4_6 0 54 -0.72948310154441731 0.24283796260767443 2.06712771579087558393125145198444131411363855477247852832079e-09 0.005594901906342745860623022480240251752547919750213623046875 1 7.0e-29 0 7.94054434281061786674892775393328994626853975221097649401454e-26 7.7854431111000647594004077072538252877743404717186104626106e-20
L4_5 0 46 -0.72046483202715661 0.2882886115350381 2.87012163413536005281151368266102930082439570469432510435581e-09 0.004090550478212043837566991300036534084938466548919677734375 1 -3.9e-30 0 1.28978668494230773899024631906859912505894938518351466554229e-25 2.38179688863296579611918564812705671831527856377013754526906e-19
L4_4 0 38 -0.7033815840894474 0.35477918688488452 3.85684041689830545143512295202387063497440067294519394636154e-09 0.0025598598183441440175045489269223253359086811542510986328125 1 -1.1e-29 0 1.62513878171329299783409697729521842469332598799630664386436e-25 -3.45654668112281824500222468120615621079944514607635208582742e-20
L5_2048 0 20487 -0.74999978691318525 0.00076676718834442015 9.60494474343815728355270280399495320046844376223342445303421e-20 0.005385902259462414798374396696090116165578365325927734375 1 1.6e-24 0 -5.98525023224766268840824160185701441801716660060626079306431e-36 -2.57567934657053905742203236381942863963709915894794637118703e-19
L5_1448 0 14487 -0.74999957392576988 0.0010843576260036168 3.84969402581985129895721182302786412476474842967439737688451e-19 0.0053974693009106421148768362172631896100938320159912109375 1 -1.4e-24 0 2.00761983052444487618516024337639366334896899567275927277252e-35 -9.55619793952687292946662780748432722159559699441486657275902e-20
L5_1024 0 10247 -0.74999914857189232 0.0015330881573218892 1.54263581293651580090010117513465912646218806158121333513278e-18 0.005413778482345148364285325470746101927943527698516845703125 1 4.6e-24 0 -2.55818364474595919775396291603104289732322288674296045519547e-35 -1.599741912670673340878057981707952882052170264371498075405e-19
L5_724 0 7247 -0.74999829830402676 0.0021678228680705671 6.19239183684270730095644518069918845256324071196405399442053e-18 0.005436778027818897109091356156795882270671427249908447265625 1 -1.2e-24 0 -2.71648740361970178954968192975484117932308665166619119580983e-34 -2.33558922203732218793650340588776299540904193747538602349278e-19
L5_512 0 5127 -0.74999660164307724 0.0030643926392792788 2.48664680773893713779337521918329501253122619682228017223835e-17 0.005469120616602094094027552984016438131220638751983642578125 1 -1.5e-25 0 -5.12536095855737526072037452418692728520754767806925140984944e-34 3.49141574332533172697562908960571208289871700459127898397149e-19
L5_362 0 3627 -0.74999321403144703 0.0043320797067303036 1.001081875810814234919701770569077151350123727475797952291e-16 0.0055145483436302711321985725589911453425884246826171875 1 4.3e-25 0 -5.69827384525857534559860708433506786863915451847970736072334e-33 -1.90221290098841075068675367739365920789189779338211312795931e-19
L5_256 0 2567 -0.74998646543929182 0.0061216609127502826 4.03578248120255112469024343342436458429729463593879645877394e-16 0.0055780365131426201674713638567482121288776397705078125 1 6.5e-27 0 -3.06689705786194395738688282369644872247362025728126420726544e-34 4.12160326764765150271391936717425777080130216760277966654008e-20
L5_181 0 1817 -0.7499730226938609 0.0086499262315250479 1.63317550324371998274257017187876160173885863122894557264431e-15 0.00566634082871036830197919442753118346445262432098388671875 1 5.2e-26 0 8.61413959478716565424621533537263798653935606124791352593271e-32 -6.94071157580614190637969816232702032702432989318129562868881e-20
L5_128 0 1287 -0.74994633260932642 0.012214918624090194 6.62746895540853822565076570530773350291232817038666880193887e-15 0.0057877800300763469765197299921055673621594905853271484375 1 -2.3e-26 0 1.12816247950678069840800423283794635113217743728221221359489e-31 3.62402645142677973348873294524203639194354940483122867571353e-19
L5_108 0 1087 -0.74992486003857661 0.014464515583860263 1.31918081251488190254774766938865428598284248659644468659735e-14 0.0058623619590813073887414219598213094286620616912841796875 1 3.4e-26 0 4.63443165683753453129859322553022470444665542075696276955104e-31 2.92406156879235651466012947522348218119966059660283963679561e-19
L5_90 0 907 -0.74989224888562067 0.017338379062443014 2.76445772988467758138203478226797645027823166485880790332885e-14 0.0059551023388587538687222178168667596764862537384033203125 1 2.1e-27 0 1.32111025139201550312432416903298599016779974383115260260565e-30 1.02693004231282895108365690448537257448552851304422647285217e-19
L5_76 0 767 -0.74984959146573416 0.020507445939865747 5.49534829684207615820621680226176861234154390201123163706143e-14 0.006053782400467251113840294607371106394566595554351806640625 1 -5.4e-27 0 1.25637669392321039296770348831889431131411304548583109469486e-30 -3.84149551595878718596740649485427818436125277283833801510171e-19
L5_64 0 647 -0.74978908107242259 0.024317165065168476 1.10561621816769822239861504240491242071994272555546245939695e-13 0.006166967371955703845765039972093290998600423336029052734375 1 5.5e-27 0 4.08661114904637833478994576276072780390055046383841032295479e-30 5.74347849217412590366854587552448632517893068589231509758763e-20
L5_54 0 547 -0.74970566563139585 0.028771342619751405 2.20761107405785197106385806040665870298616083045040170418361e-13 0.0062910334821393264215227958402465446852147579193115234375 1 -2.4e-27 0 -7.03208062986453033616015087660398848209325717250635101260396e-30 1.89594612409232204970937686049994917716546352986477111477598e-19
L5_45 0 457 -0.74957970036775967 0.03445085181176754 4.63481060477534079944548675011009071381465340699890020914609e-13 0.00643497582344909439810987095142991165630519390106201171875 1 -2.5e-27 0 1.84951450559237853692492071488049278920532786759146929414008e-29 1.89084870296419175235910528521548043910006963943454315422305e-19
L5_38 0 387 -0.74941602058007317 0.040700077633410929 9.20598999048471849757893244456383240008345847371629133704118e-13 0.00657301291701328262162551396841081441380083560943603515625 1 -2.0e-27 0 6.51911855586060603676897139779026329746651683936097620352296e-29 3.96571086420400517921622784567137524962232958955089920545511e-19
L5_32 0 327 -0.74918558090815834 0.048194116627408606 1.84303364431170244420698603789007032635952065824369583424414e-12 0.006707711901218737539365211119957166374661028385162353515625 1 -3.5e-28 0 -6.48311558797350144226199751568364957616570273283914369784908e-29 -3.8632822765491815417479167837354768826320768044251419571361e-19
L5_27 0 277 -0.74887063194918313 0.05693112284850986 3.63862905017523230897377327213886900620504194492355054535437e-12 0.0068187848267938187818426598596488474868237972259521484375 1 3.8e-28 0 -3.85484527251416425476188798636890879799059831276857562190708e-28 -3.02949663990404090190003054135240224919759464173530587143002e-19
L5_22 0 227 -0.74832974654324314 0.069542417661563896 8.14767605472414320037499983386070838246861836040579873952083e-12 0.006886321736203661336706005613450543023645877838134765625 1 -1.5e-28 0 7.6964998756321353247167310814386255884947566279757190001212e-28 4.2034581340565990332549056291168253762765894173773762159535e-19
L5_19 0 197 -0.74779404972886698 0.080208571569753667 1.43009134963655177285194931776275445878959802215035779227037e-11 0.006856126336339717075585298289297497831284999847412109375 1 5.1e-29 0 -6.59641012048306495067157666571991654795620122671906549941867e-28 -4.23594163212582877947163453760056878549057564153084321379589e-20
L5_16 0 167 -0.74694956784791999 0.094752437924382954 2.70262568220007070945405513202406256982601728822146469610743e-11 0.0066911676478913946486404284996751812286674976348876953125 1 6.8e-29 0 -7.42495077102838208465722618389680818041291771359543300017947e-28 -1.73866054620124077336713265191425723246316264735962086457333e-19
L5_13 0 137 -0.74549699665414015 0.11577612078285321 5.56099679481680453667112677798621891978037012904678704217076e-11 0.00623569752486989765938307783699201536364853382110595703125 1 -2.6e-28 0 2.95713389632392123446344225156793080186125793372187385513635e-27 3.20570433734460233195859005576700538475812158387796228092848e-19
L5_11 0 117 -0.74384339875826888 0.13592779154700987 9.43529657602675832781487259492904547120151192984849330969155e-11 0.00562793574022724119032545786467380821704864501953125 1 5.1e-29 0 -9.30193449196071740604604474899615261136059588433237285255202e-28 -3.32992946843170493454572335053038882154375919067998499528693e-19
L5_9 0 97 -0.74101946825954224 0.16468424830869119 1.64408933095560326631714406818776663676828775351168587803841e-10 0.00463300186938479796605605542936245910823345184326171875 1 -2.7e-28 0 1.01578647797632851945590387261629242772516649569179821150319e-26 2.58372231966533805972001963016331957578373865608357723595845e-19
L5_8 0 87 -0.73876529376983413 0.18424411613670796 2.17144833431637116426084720562886699185556338420610700268298e-10 0.00395983088242466037265376854747955803759396076202392578125 1 -1.1e-28 0 8.62429582373508508154904545986761274140339299288001954213825e-27 -1.90920848265663772547930140227382477538543347913392112316644e-19
L5_7 0 77 -0.73546847315872388 0.20916863796557247 2.83986220365661738132442925991731803858630911463478696532547e-10 0.00317768098818983595055254198769034701399505138397216796875 1 -6.6e-29 0 1.22142245485921833184205742111013403566677583427011141075512e-26 -2.06993298986693191065856984514674365396477881014429664376791e-19
L5_6 0 67 -0.73032724330911158 0.24203710854727364 3.6292386540076722368980287182038506343939587850400130264461e-10 0.0023279029243724147328620244223884583334438502788543701171875 1 2.4e-29 0 1.07128558320117743171928721007833163684226542830987703847726e-27 -1.03840855419153064351159297333304108267408610363340012950825e-19
L5_5 0 57 -0.72158863095374592 0.28736608533487368 4.43971922055548051335219107485226090747953975323980557732284e-10 0.0014917809436035896382410914640104238060303032398223876953125 1 -2.7e-29 0 -2.28249398766110071716585861856633119515386526105007734649476e-26 5.6905078377061967260935434606425388800521106845745848007434e-20
L6_2048 0 24584 -0.74999979032483743 0.00076675788315852251 2.724569210526414153527381257836580575162419843205840119197e-20 0.003167802963746627585572834817639886750839650630950927734375 1 -1.2e-23 0 1.45783329609586204183456738173191004694614308183306490125218e-37 9.69339906009181007005731472739313445002536447174546765329778e-21
L6_1448 0 17384 -0.74999958076349427 0.0010843390043543859 1.09263423195769063535134802415864717116068566811196074040763e-19 0.0031763165925557759229624910091160927549935877323150634765625 1 -1.8e-23 0 -7.4628651368487307144605088423897389913038540583930849144762e-36 3.36135644242684278843502631143757073449265624989225863250564e-20
L6_1024 0 12296 -0.74999916228119812 0.0015330509015693795 4.38184614165605217394767615010804617235155386929080318855756e-19 0.0031883256239819183185113526945997364236973226070404052734375 1 -2.6e-25 0 3.79645082456156866133964611371074329138921732700160225261847e-35 -2.1604478428969002533906401194440729623596858749532551025041e-19
L6_724 0 8696 -0.74999832583319537 0.0021677482837657151 1.76090726250286018310193217119042707297412030746620002774616e-18 0.003205270867151130929906255317973773344419896602630615234375 1 -5.0e-25 0 -2.01087050296161541004164472024714449725217307931061427175328e-35 -1.61800225816505721817275081479827057918915329071442852412049e-19
L6_512 0 6152 -0.74999665698786144 0.0030642433454068198 7.08220611986472836914760610093301792348848716120157664732915e-18 0.0032291186040760938395777213116843995521776378154754638671875 1 3.0e-24 0 -6.71920128333334647325273676440834092056997038085899619164896e-34 2.22609774096362464024265723508644491373260250340606212419818e-20
L6_362 0 4352 -0.74999332559802823 0.0043317806250195469 2.8573590509825748940071176323901449664818840736002503177815e-17 0.003262650023665928343541420275641939952038228511810302734375 1 1.6e-25 0 2.50677433299402254308537757269847547255043875151471137397031e-33 1.39033056387903954116467536200726827671038096064374850642509e-19
L6_256 0 3080 -0.74998669097253334 0.0061210617207816814 1.15536546840760212682846110056573526994292430789684766878622e-16 0.0033095761369425044824688075806307097082026302814483642578125 1 1.9e-25 0 -9.69959283841047960754518803961908058211731101727204920473322e-33 -1.3844792667136333130346429377930971373304281396457264541322e-20
L6_181 0 2180 -0.74997348092638538 0.0086487245607215508 4.69452343683255305184209295596899667514166588303675675675208e-16 0.0033749520994453391896372718150587388663552701473236083984375 1 5.9e-26 0 2.80955745270030021871303551498640671788603441994205207351997e-32 -1.93332184163776697997313567904140299182521165597721394049935e-19
L6_128 0 1544 -0.74994726939605005 0.012212508226675023 1.91542763022804793240566768428756228058798538604889927228214e-15 0.0034650145226243979530711403214127130922861397266387939453125 1 1.8e-26 0 1.03176753153684405548609445756339107627328961003706478402214e-31 5.59218861566048252790231065470260659350248814968302370903563e-20
L6_108 0 1304 -0.74992619456965903 0.014461123930738659 3.82497992656665576510024795328733224093742653487693061720165e-15 0.003520380877095589770842121168925586971454322338104248046875 1 -2.3e-26 0 -3.19723642671978391784127831703962920937519585189178203280137e-32 -1.66277456516376696590883465217664205608711213374955987815557e-19
L6_90 0 1088 -0.74989420566996112 0.017333485743370698 8.04705144864946560516088104844840981999889734793685036606803e-15 0.00358923989815175363549126785756016033701598644256591796875 1 1.5e-26 0 3.98481462147682053759657083105002445664508403741332249211864e-31 -8.4756166355294690961766558544806860953406650516525437915466e-20
L6_76 0 920 -0.74985239105020118 0.020500572021343824 1.60609636397993957333576555166684564471312260391933079972659e-14 0.0036624612262257439689039362207267913618125021457672119140625 1 -1.1e-26 0 1.00025253636460256990893512571780478974781253757294567729266e-30 1.88655306463660389163817431776566295249435620410346104575128e-19
L6_64 0 776 -0.74979312526375874 0.024307457291524996 3.24565018685935446280341492234961677559499336476189768063705e-14 0.0037462669635676720987504939586187902023084461688995361328125 1 2.8e-27 0 2.72443555465202868226946025255923030730875383388749312271042e-30 1.59170788910789018765212227056589783060928456129290431420031e-21
L6_54 0 656 -0.74971150858040403 0.028757693650149345 6.51035408154499117062490860663172226812473938895031722040585e-14 0.0038376918000758452644005647158564897836185991764068603515625 1 5.5e-27 0 -2.96776645146984861889801132653794292202594066305207033685344e-30 -1.80795722206410213235902628795896010562351175697403283127579e-19
L6_45 0 548 -0.74958841971750167 0.034431199378805198 1.37347425380184072258055560011824124084589895944397142102389e-13 0.00394269229448067533294608466576391947455704212188720703125 1 -1.7e-27 0 -4.31999808468830697255134857922065536435919531282078919652488e-30 9.24444105532922806034375435778899433667148676158344610363782e-20
L6_38 0 464 -0.74942873027133539 0.040672569359273908 2.73908106919727013652354768660310431992177537807720000273548e-13 0.004041354390881387627365572967619300470687448978424072265625 1 -5.0e-27 0 -3.33311328798770812071378364951863297170280407215405784536327e-30 -4.05484725986131697710319756245246122029279176478733150851275e-19
L6_32 0 392 -0.74920433140716125 0.048155509440549298 5.49969581954365888730824573951291462932215725611939660666394e-13 0.00413364394268602754201058502303567365743219852447509765625 1 1.7e-27 0 -9.21045207292074874842945254031599921905591584389545341705352e-30 -1.13537539538193592624437818208078351049760847448734585925928e-19
L6_27 0 332 -0.7488983304926391 0.056877384807942334 1.08655269215212150838369003435212591882758070838121966517065e-12 0.004201972969186056929002948123752503306604921817779541015625 1 -1.8e-27 0 -4.52500675266503942687801377645968931790246407509388441125815e-29 1.8807099405628996516314001695932287396796000248010242170485e-19
L6_22 0 272 -0.74837436026741067 0.06946309331332029 2.42268729612347996237454705621841506745298144842593046632828e-12 0.0042210753565106902407411126887382124550640583038330078125 1 2.1e-28 0 -1.21106356897585327248984846681880840131195158519657101478368e-28 3.62093076083080459882899380058826491339139022562711080904796e-19
L6_19 0 236 -0.74785696139558755 0.08010470244147222 4.2163054743635289953388879216299292345890292743604277347913e-12 0.00416322811232528421088172621011835872195661067962646484375 1 -6.4e-29 0 -2.53684370757248414449611027967206227409596402310801033725599e-28 2.33113993153570532930111122410806701265362202135275797114898e-20
L6_16 0 200 -0.74704360974651074 0.094611966189720051 7.82077257181758039375537813063423830256537527816362853627652e-12 0.003983086763527305014520596415650288690812885761260986328125 1 -4.6e-28 0 -2.43008955159115657494279109216975362363939593516900062693669e-28 2.55076944351798712730596751694726314793468211350734335327028e-19
L6_13 0 164 -0.74564844285837473 0.1155795111137846 1.54590634925355219170006967793862631167789434272208382026292e-11 0.0035596614914211121248610592004979480407200753688812255859375 1 -2.8e-28 0 1.56308310365941556699072420554369064385066944603782396132516e-27 -8.85123799251112071622354961270203567664853266951651442149412e-20
L6_11 0 140 -0.7440620344284824 0.13567782569913583 2.49363422022635167448036672147379392075472459566753968829289e-11 0.003049263948804860173413810997544715064577758312225341796875 1 -6.9e-29 0 -1.58461145785519810368622912894391704244522898589896127570236e-27 -4.03752860090627485907379224520132408727264546906497971311828e-20
L6_9 0 116 -0.74134867405042071 0.16436541211077532 3.98669843238583715073280878498474628576775380395247339038178e-11 0.0022977113502859088101093476552705396898090839385986328125 1 -3.7e-28 0 -5.7440298504704311197909790028738445867244293258317710108133e-28 5.15847950132229915859033062968530036072807924420311511933337e-20
L6_8 0 104 -0.73917504400362122 0.18388565845714866 4.93985014223125180657442768297668003393829927460956241702661e-11 0.00183948926905054392123839424044717816286720335483551025390625 1 -4.1e-30 0 1.18290956326335462269284452150795705066933962565063806068911e-27 5.15958983780241315082722629119592176369826524550216492607038e-20
L6_7 0 92 -0.73598196715531294 0.20876884844376351 5.94307737136159091952115509579514501109498425535093701910228e-11 0.001355229419929332955463419096986399381421506404876708984375 1 -1.2e-28 0 -3.08489740259023724705408792179411492338091649363976891002091e-27 -6.75993497800299017623970911555636977909482886794830533774836e-20
L6_6 0 80 -0.73097272634624588 0.24159688183863892 6.81067275892650785795415765072136418667447799180081347003579e-11 0.0008879736712105739011857696851848231744952499866485595703125 1 -8.4e-30 0 -4.4369517828603303476987309866697160902211724947255787474643e-27 -4.52354348729535892377231483714842718809748324147784085487358e-21
L6_5 0 68 -0.72239794349433373 0.2868895619712617 7.2248709032767138372783558242186049969113526003638980910182e-11 0.000491717731634948068859813918862755599548108875751495361328125 1 -1.6e-28 0 -7.97756968699388468349725629687913360487580230356768610693732e-28 5.23359898452186743526684465150180310265722731733981922756099e-20
