2 -4.50092139188805872195671450839309041644126031643650749016980 -0.0417868070602793198885793517743669303636161336442079064208387 0.0150647286812654935330096029530694505531790206900354229674433
3 -4.33337459396213628883381411160429627880177445117708416221549 -0.0187015481388811389755017462122441324971405468862776985957402 0.00306103345137489979100470700398051833158141944365122760680171
4 -4.24988185831047475571569006849869025576206463214208638561220 -0.0105104493768525472890842053303476221866585449256183003837376 0.000964505661683298994893454374092562350388982604972345535109189
5 -4.19986418781994440775667735986087648638150085214042017428476 -0.00670473627151011868468433151081723418208883845269084979380355 0.000389610227442415843963412359537830789712884188792795990975575
6 -4.16654437545056337868621819346273606262681072092279451218757 -0.00463838277026643863938166642454265723256109988125310741826906 0.000184915535454511425812611278607580180995197429849636142395041
7 -4.14275334610651386738064371399270064240360295384052461247789 -0.00339529853439006143968186901974144886163224380273283976889541 9.82958617893746199465086586130794235343190515885231498320085e-5
8 -4.12491316165398274443174383513680545042466382125301341812452 -0.00259090749356604578521118485222342653899755327591455577073656 5.68295062223444168629385913962714167126434810829953319231831e-5
9 -4.11103841487185127289474118754412129396105133804050737845192 -0.00204115813683053794460977246574662894016763743326385154707327 3.50506071969165934080168539811240041569021890826300145927109e-5
10 -4.09993876149365562662557763590855348212385705415604195116278 -0.00164912602532692543581213458456606750980991092378728255949387 2.27549877397467702272245471559544985099467265701859954410256e-5
11 -4.09085707701526106423600633872786219523449207288311450262689 -0.00135989148032775699052802470527571117495007501082360946218157 1.53997909510642456174274009473071072436224550336977975579033e-5
12 -4.08328876723692153669273621939552052544805333666931204570257 -0.00114047655169186629663525867847970839947407562462079866644699 1.07865385586701181928319090695771524831425073229834223632770e-5
13 -4.07688456457424217877929287812899233240382533062768692175732 -0.000970121767169117236951199560515552548032468964057309915556260 7.77660069192344567006318340838810078601706487804459634177380e-6
14 -4.07139502062512695894068560966799193079936508511978264912519 -0.000835237025879758804038815913532940632861165396654488002051776 5.74611811635367640915456288897553243497355097796598880706525e-6
15 -4.06663721798378101744027022735806005241633424202741269314536 -0.000726626619588469516668091324772831393621001814829746992742212 4.33666582373282149839362683955140816633026930945280274405019e-6
16 -4.06247397243826088954863239721777121078974482466587917706014 -0.000637889856312050144393297938782802643061255214833632793625806 3.33379725791183833591054503088856242915797871003845660617295e-6
17 -4.05880037894492539108249203041088155052163696335348420679894 -0.000564461192248670078113737240406861452405709355869017565068912 2.60463251503225478499448159613669146392148129380304478805601e-6
18 -4.05553484386381792512858432850785522121373949612079377407019 -0.000503013721752657968578033686174915693234199998346421272202034 2.06427631951495425505228778749592734612576846933482846627682e-6
19 -4.05261294986937749260532981069922503585961192090628559796284 -0.000451077038792611241437529147831869531534304812389174182177125 1.65700982051247647514743089051047799067771876044279719175384e-6
20 -4.04998316173932259986774273449049685280335766991568868358674 -0.000406785799839178323517506309885474154191554157112969561572204 1.34537939743125400174080158617592048504900411898714441875242e-6
21 -4.04760375922036596186310743096489224283313734718323636228375 -0.000368710319143596363208187994592807312590499332521192405090391 1.10366639272937632815125108497843433131871044511051587251324e-6
22 -4.04544060645166575168162872521886100408497885287258054032490 -0.000335739993858395497612113231028100228512078483218128416863996 9.13868672206314610819514724348132867167168052982525373571887e-7
23 -4.04346550330002463553424158728366873333863590680428089929046 -0.000307001545537093862843745027063294213237933993179717072210481 7.63165425893438416002238008681780500933677959737528450458097e-7
24 -4.04165494886299938181399087413283650226319512446144025533863 -0.000281800687620778946378342156905700063030108334292040201096041 6.42281343195457562991972612639909434188358245626036455816541e-7
25 -4.03998920172420900226591497183174136350932820072036876874792 -0.000259579853662777398301739527765086760951660676409312026535660 5.44409350588756464853771837988512339352485211964589668179762e-7
26 -4.03845155706268411369311468453420029933441353506781920745859 -0.000239887126297485826699198440779501119590207079884261836662068 4.64487879518274701597508656539414435490547936617134381913509e-7
27 -4.03702778439408056890347919827263466213666336967816874242091 -0.000222353100334910103052370405755826429667268005321244588951452 3.98707673822167783277285686867919974916026414911378618495325e-7
28 -4.03570568578620091294992317532282374207957383345861540086760 -0.000206673446966562541041874809145393775676046641692400089643766 3.44169939876854706267668740784344200163879503152149522861137e-7
29 -4.03447474546969270421839515372737086975615205007786497724431 -0.000192595628783724547877926928193162294475649228202688263316000 2.98645964885913120692377804096816070106458797961103057166256e-7
30 -4.03332584951937845565624025751865707478825805716734143004461 -0.000179908673811694486861018335400087023342306530448309852986874 2.60405822777810447958995108690479773648596540029030866161601e-7
31 -4.03225105978477563420427583119800363118215446570876904556287 -0.000168435229444996215523201734489966961722212242700463555861585 2.28094797178616204910870742083753250313495050087947093718953e-7
32 -4.03124343020365354405188342860957861175043303203851178389965 -0.000158025333452487478206267336289730627054099765148360558646910 2.00643201225460492235436228342205463732709862327766012960234e-7
33 -4.03029685650902220918996244791881878622390763395351547334510 -0.000148551490809928216114426841748257111753093346509221711938254 1.77199861802061217483343089950451103937671547961870713230572e-7
34 -4.02940595245505308480539561168818824153323985248756869094773 -0.000139904752673101443940750254720227988364924573024587418477216 1.57082566142760549090536551343411278087422125357453315883286e-7
35 -4.02856594725865726299298876676937383522163791135987446162431 -0.000131991570995568228286289068341686099569573773875900707919969 1.39740798473583154364190273765720356751774340511957850238005e-7
36 -4.02777260013187513997050623635892115280758779745769653702792 -0.000124731258289805509951342277276563003699372070042224000948219 1.24727471681768662782340196139875132205339436569045271906759e-7
37 -4.02702212867202487148013117356756417316312892051358673202214 -0.000118053923058610303436364165924525973570351365299292090279871 1.11677305101003973160834083408637890671002599696076033225204e-7
38 -4.02631114855714537290358386003266703408700409570500676669135 -0.000111898781770066231894778190677164264952921417924047348742970 1.00290156869737143778688836946477256734729277639623278860395e-7
39 -4.02563662251780742387867766371120993528138769652962881619065 -0.000106212770894888392734798883278675528447120966553046199852500 9.03180810252564998595297811053287040276117761740146563799477e-8
40 -4.02499581696211528019684532815786673225438437098030382965001 -0.000100949399565615698906642189540818977628544876262868995998749 8.15552070855913534420118751810977059978922888824362365403036e-8
