2 B2 2 17 -4.5009213918868118 -0.041786807060243153 1.506473e-02 0.906 0.2410
3 B3 3 25 -4.3333745939622856 -0.018701548138806479 3.061033e-03 0.893 0.2479
4 B4 4 33 -4.2498818583103795 -0.010510449376781117 9.645057e-04 0.895 0.2469
5 B5 5 41 -4.1998641878185632 -0.0067047362715063133 3.896102e-04 0.901 0.2435
6 B6 6 49 -4.1665443754515668 -0.0046383827700894019 1.849155e-04 0.908 0.2397
7 B7 7 57 -4.1427533461062209 -0.003395298534437739 9.829586e-05 0.915 0.2360
8 B8 8 65 -4.1249131616544776 -0.002590907493655164 5.682951e-05 0.921 0.2328
9 B9 9 73 -4.1110384148715058 -0.0020411581369257871 3.505061e-05 0.927 0.2300
10 B10 10 81 -4.0999387614941103 -0.0016491260254869863 2.275499e-05 0.932 0.2275
11 B11 11 89 -4.090857077015742 -0.0013598914802772288 1.539979e-05 0.936 0.2255
12 B12 12 97 -4.083288767236656 -0.0011404765518215935 1.078654e-05 0.940 0.2237
13 B13 13 105 -4.0768845645742759 -0.00097012176712269165 7.776601e-06 0.943 0.2221
14 B14 14 113 -4.0713950206246992 -0.00083523702599218601 5.746118e-06 0.946 0.2207
15 B15 15 121 -4.0666372179841597 -0.00072662661945636431 4.336666e-06 0.948 0.2195
16 B16 16 129 -4.0624739724376688 -0.00063788985630774909 3.333797e-06 0.951 0.2185
17 B17 17 137 -4.0588003789451745 -0.00056446119247328789 2.604633e-06 0.953 0.2175
18 B18 18 145 -4.0555348438633017 -0.00050301372194104705 2.064276e-06 0.954 0.2167
19 B19 19 153 -4.0526129498697721 -0.00045107703871127293 1.657010e-06 0.956 0.2159
20 B20 20 161 -4.049983161739342 -0.00040678580004404767 1.345379e-06 0.958 0.2153
21 B21 21 169 -4.0476037592199932 -0.00036871031876375493 1.103666e-06 0.959 0.2146
22 B22 22 177 -4.0454406064514767 -0.00033573999399064776 9.138687e-07 0.960 0.2141
23 B23 23 185 -4.0434655033005642 -0.00030700154519505723 7.631654e-07 0.961 0.2136
24 B24 24 193 -4.0416549488628881 -0.00028180068789943199 6.422813e-07 0.962 0.2131
25 B25 25 201 -4.0399892017242198 -0.00025957985377721832 5.444094e-07 0.963 0.2127
26 B26 26 209 -4.0384515570626611 -0.00023988712596751663 4.644879e-07 0.964 0.2123
27 B27 27 217 -4.0370277843943336 -0.00022235310022113622 3.987077e-07 0.965 0.2119
28 B28 28 225 -4.0357056857861577 -0.00020667344715579071 3.441699e-07 0.966 0.2115
29 B29 29 233 -4.0344747454696481 -0.00019259562875357565 2.986460e-07 0.966 0.2112
30 B30 30 241 -4.0333258495191693 -0.00017990867406979019 2.604058e-07 0.967 0.2109
31 B31 31 249 -4.0322510597850645 -0.0001684352294892289 2.280948e-07 0.968 0.2107
32 B32 32 257 -4.0312434302037579 -0.00015802533354399365 2.006432e-07 0.968 0.2104
33 B33 33 265 -4.0302968565089996 -0.00014855149057336098 1.771999e-07 0.969 0.2101
34 B34 34 273 -4.029405952454761 -0.00013990475285071525 1.570826e-07 0.969 0.2099
35 B35 35 281 -4.0285659472586941 -0.00013199157103604544 1.397408e-07 0.970 0.2097
36 B36 36 289 -4.0277726001315148 -0.00012473125847553622 1.247275e-07 0.970 0.2095
37 B37 37 297 -4.0270221286718266 -0.00011805392313606798 1.116773e-07 0.971 0.2093
38 B38 38 305 -4.0263111485575926 -0.00011189878171743257 1.002902e-07 0.971 0.2091
39 B39 39 313 -4.0256366225179638 -0.00010621277099810503 9.031808e-08 0.972 0.2089
40 B40 40 321 -4.0249958169619902 -0.00010094939992723044 8.155521e-08 0.972 0.2088
