S1_32 0 67 -0.74918359386647815 0.048622988137691267 1.64018932759649232639764655197929521524002893784199841320515e-09 0.01052066809665426656839049002201136318035423755645751953125 1 4.0e-37 0 -2.31513577220027028190402857609196067131500018452864033731649e-26 -3.37914834244933894061938138758493865598536201688307655140175e-19 -2.9442634338008271848543031327851466367337161530525013839765e-43 8.68460089515816246068397697573269269965354879898053389745283e-37
S1_38 0 79 -0.74941959735649288 0.04100429373938843 8.2748208709850448460188121902868924051333010538655798882246e-10 0.01025928497818044508871349052014920744113624095916748046875 1 1.2e-37 0 3.1042689209552978039003647816367387916026203466668494195621e-26 -8.42675335703081241004187048210493052650663658263295759109912e-19 -9.59917313932694837839728957542395617599809995803057999415608e-43 1.34488068215386611350372601826406783772510933177691454767148e-35
S1_45 0 93 -0.74958516283700294 0.034667675565180384 4.21550177415697393470713721542607495262888761544672888703644e-10 0.010037630345593621938871109477986465208232402801513671875 1 -1.2e-37 0 -2.49227544865871832252393995306473467442026196954375983478131e-26 6.66720909564321319674056764038497591036029161040596087775545e-19 1.09355941489179983955602081427496088375452923270276278906622e-43 -1.2594446540507457993244641991814267603185954930930241892235e-35
S1_54 0 111 -0.74971126186270065 0.028921761437291655 2.03508355284235327673020100358624358966030953865811170544475e-10 0.009833866016708096846610231978047522716224193572998046875 1 -3.3e-37 0 9.17803104339572232866157585767330845071512597727744545985895e-27 1.43707732138858071511803908998393889432620645494321468156607e-19 6.05084897746518411263869012704428774161585150198259117229897e-43 -1.16627944547400060324593934991285080665017628756880526409546e-36
S1_64 0 131 -0.74979405283813949 0.024424125914520704 1.03185591965354609068669308831516168503683594792619260260835e-10 0.00967284814834655330695323272038876893930137157440185546875 1 -4.7e-37 0 4.65119197753079362819043677451679795960983841824258536540252e-27 6.60784852437586881208695993948667390234461905653752002154366e-19 -4.63992893880504052939315362049965355289953971727600714439847e-45 1.49473567593263113106299928229653765133836556864694541489216e-35
S1_76 0 155 -0.7498537060360625 0.020583202213812858 5.18943073536549117963493848515384469430311575877112773014233e-11 0.00953447182410645417693917380574930575676262378692626953125 1 -5.6e-37 0 2.91200788225559839111797740133302830992490434185078348109522e-27 3.36664164039453395508376986341566876747505251165604157025102e-19 -1.17233479434942847652439551969568836378618266994620299887837e-43 2.18086868558689062443059273592119071255567239024626886952435e-35
S1_91 0 185 -0.7498978011852353 0.017201859922399348 2.52435182849404597151273033053857841254141725073623092612252e-11 0.009412108500596476357014097402498009614646434783935546875 1 -6.2e-37 0 -5.86669726784291536593961029424826178879678587652963906762844e-28 2.20809490654904304733034726629502746114513575470745306711384e-19 1.0320421308173849695531209785413162844557874643835576611525e-44 -7.737622737216846645872598398786824757961528850205667117877e-36
S1_100 0 203 -0.74991530757284863 0.015658489903406816 1.73085738779864817253789601519820408152827706516063699382357e-11 0.00935611529720291844325341656940508983097970485687255859375 1 -6.4e-37 0 -6.20352725781913598983642135528071063914691698477191183977774e-28 -6.98321638427644537840138291337843618277832747596344702481486e-19 2.23310864334470593761424286539009996381869691808233241166617e-44 -4.5548701437737096782919593626766559334276805150658298601498e-35
S1_101 0 205 -0.74991697024855797 0.015503931816181541 1.66329556685073391821495394858249398072069791254534720792435e-11 0.0093505035951054089882195086147476104088127613067626953125 1 -6.4e-37 0 -7.16055561081595043327428929109128650052306550225502346459127e-28 -4.85452064607199135130978752784517918362654723087027037499441e-20 -3.60719797245761019718492429229359036806858768947384841160025e-44 -7.97686201695410176192587901246778908198244937473291552986846e-37
S1_102 0 207 -0.74991858442932735 0.015352395195768368 1.59899769086907512118744750108893922999064862722207180922851e-11 0.0093450008606143809830602009469657787121832370758056640625 1 -6.4e-37 0 -1.33609129548313504924393653648910930180895207482105437886604e-27 -3.76662038706410569617163521925736365796306730123219693069647e-19 -2.00724063123963987490000812100995356213493633920478366425703e-45 9.13502023752916918469170331673658306088002856423048937091791e-36
S1_103 0 209 -0.74992015198325279 0.015203792295444524 1.53777639025487772515263161416011620033494899928427912527695e-11 0.00933960395857410911879536996593742514960467815399169921875 1 -6.4e-37 0 1.08676754370547070683767502697826686386708062219347761852215e-28 -5.95520653662999424186714515823602074744879129071376596543663e-19 -3.87101511496565746174340017506998607849080490928298463629873e-45 9.39844908915639274216179749153939347304870626111357645334829e-36
S1_104 0 211 -0.74992167468932047 0.01505803873375058 1.47945672271994284673817332389906512198074484132348516141064e-11 0.00933430987263902771366996802271387423388659954071044921875 1 -6.4e-37 0 -1.29851729900986049871914742944135050537091112798646573544742e-27 1.72060253799609298551396430670652152215733160561312491479424e-19 6.99201514129530190646376827417960669282424556189811333872023e-44 1.37310136939037508901871594633213500065424079811442702645358e-36
S1_105 0 213 -0.74992315424245981 0.01491505333468437 1.42387524032747121808965877831358224324398431548388543887995e-11 0.00932911569971378411281204279248413513414561748504638671875 1 -6.4e-37 0 -7.36452760412310645273952072246881785959194647916625513021253e-28 -5.09967961690601597806888056371451281304028863407620808523291e-19 -3.83457556023163903577923763970540206482653166014322018739879e-44 3.04992201699680524239610461194695801746114637338176051206664e-35
S1_106 0 215 -0.74992459225826569 0.01477475797691608 1.37087913457983592670608573012209260421484513514656100596767e-11 0.0093240186447017363302602888097680988721549510955810546875 1 -6.5e-37 0 3.94500613150375803209174019232032633029023791642114479886983e-29 -3.58793719259673969366624357958814713699452028903963193427924e-21 -2.94177313071499436495647690427146356392253348822049442349594e-47 -1.64308124236383812174720045821205690891951297237101560551198e-37
S1_107 0 217 -0.74992599027741447 0.01463707745143593 1.32032545236708428286579633037272003045353718775345441827085e-11 0.00931901601554220061773836647489588358439505100250244140625 1 -6.5e-37 0 -1.21325848411211697714432426716988762878701903783724229630355e-28 -3.17990049911183703589720188323341969765144569630778876049779e-20 5.95403771276730201813752235902938830656476680707316588510903e-46 -2.79399722734873432555282834090012149019203281922920674546761e-36
S1_108 0 219 -0.74992734976979447 0.014501939327089288 1.272080376310999463936544977160788237602329076025853282772e-11 0.00931410521851811466775838965759248821996152400970458984375 1 -6.5e-37 0 -2.49256483162182656935639221931754739189564897638864494905394e-28 6.61531678076924984903534281303507086804557336780961912872656e-19 6.50874315105336495342618847997147538253819929769442785288054e-45 -3.45277574110444382459193163835077585528200206075251982931852e-35
S1_109 0 221 -0.74992867213837477 0.014369273823494009 1.22601856368241150754546680052520604177479501828429420129396e-11 0.009309283753817156059628956654705689288675785064697265625 1 -6.5e-37 0 7.78542150158679891055039190082220499217292989537162985768783e-28 8.10883622985625533143270991420302645668117509553964299823248e-19 1.23652579347449629740255056913941438965835127903263047199983e-44 -4.21897263621309812659182989642370795680943706271773601184815e-35
S1_110 0 223 -0.74992995872282842 0.014239013690871421 1.18202253864321362578130410517072588702514046588021301431581e-11 0.00930454921133050914805462383583289920352399349212646484375 1 -6.5e-37 0 -3.16339459499943297016295023344515039689405931024919871575312e-28 5.81266430134747729715927856883773752891500494948616136262065e-19 -9.30512777833336205010295779687312475013465600300017564706786e-45 -3.36959414957990442640328423420239263541445186712526286725462e-35
S1_111 0 225 -0.7499312108029289 0.01411109409635608 1.13998213307718095826315226258417673006057002638158337504137e-11 0.00929989926667462198095481795689920545555651187896728515625 1 -6.5e-37 0 3.31470057834318174813977257374211934000463006084710087825971e-28 -7.06538243038752952404764123369328476263016128134595563933806e-19 -6.33125983387223189738463464949344702263413237871598581528172e-45 -3.959911524657445104678284084580883296699068730194263711215e-36
S1_112 0 227 -0.74993242960173645 0.01398545251638039 1.0997939717322051120883599186134945563386722255927452351898e-11 0.00929533167742228882968191783220390789210796356201171875 1 -6.5e-37 0 5.83516687243388347254116637611461206815251723243639690337127e-28 8.05609923851890067512326334806975303195635329672627750544067e-19 8.38477097416410526842003901206008073767169586176208609068059e-45 -4.14886204278393811957686761150935262464320773832873080667683e-35
S1_113 0 229 -0.74993361628858768 0.01386202863475872 1.06136099780706414866884457445048042887464356809346099907998e-11 0.00929084427953037923775259088188249734230339527130126953125 1 -6.5e-37 0 3.38870694206912366142785361526818650130014005971406094382869e-28 -7.22503405679646372972295798943773231326309053104673361944688e-19 1.59381699349393018520852532501195269965780202283497174599053e-45 -1.48086454363143281639281250951456643235682066847498829802021e-36
S1_114 0 231 -0.74993477198190306 0.013740764246121907 1.02459203548376969755171523484334888953739550743193831294775e-11 0.00928643498395232379338803951895897625945508480072021484375 1 -6.6e-37 0 -7.53474826342525920311537435191233387066900863727289350909548e-28 2.80181434550901303224537049031228248900644917102273887855868e-19 -3.82649373904481119632089036395897855545629134516498005029736e-44 -2.10972162571800143317423542798410681251020292090871355392631e-35
S1_115 0 233 -0.74993589775182501 0.013621603164377305 9.89401386236589089279975718800846234968204839788086246699095e-12 0.00928210177342440358183583981599440448917448520660400390625 1 -6.6e-37 0 -4.40259903974978096902812900411374776668741637521609661260353e-28 5.04730359524402362043880479843095943197499820372429026396621e-19 2.53717667351361799872109399113189644595011747738980310498009e-44 -1.56536317680712014308262679330080945581764753970559811837729e-35
S1_116 0 235 -0.74993699462269747 0.013504491135891809 9.55708456045233429993610299119305775961130677842447767034173e-12 0.00927784269941548354887483895936384215019643306732177734375 1 -6.6e-37 0 1.6567230443578262354328806724498180105322872197481399498708e-28 1.69563278546132675461391324742789240455621542599471947374706e-19 -3.46615882014121981425901399277537924478930488914977005315771e-45 1.38488851922148000583266359449379565809918726974720000336638e-36
S1_117 0 237 -0.74993806357539827 0.013389375757116028 9.23437410906107688971419926708022237610284932429749460425228e-12 0.00927365587923064012276785916810695198364555835723876953125 1 -6.6e-37 0 2.95727719893451698108180040887550941258661989593186084206496e-28 3.75721307816902774235006818314437580631528378840810447787668e-19 -1.3982728046563289536750959073826836851272437791414899113787e-44 1.82130782448213229040786753951991143079290329648691547718275e-35
S1_118 0 239 -0.74993910554953414 0.013276206396386747 8.92516858275206246587294480697213753563057370143951629870571e-12 0.0092695394932597076353975040774457738734781742095947265625 1 -6.6e-37 0 2.41662796797128183912233403529214904891781470670433659720971e-28 4.83080343656260723260177063050574577073782084383574099081815e-19 -1.06349644372249274036256174643828949391049896311136123016707e-44 2.73003098837447876591765664539689049125945708882828639917505e-35
S1_119 0 241 -0.7499401214455077 0.013164934119662498 8.62879552292075752274827412644154405255147999298515060218051e-12 0.00926549178236236829764305156231785076670348644256591796875 1 -6.6e-37 0 -2.85465853806205091274913340457618007511409848176567725110109e-28 3.28649788905810383613944210756929012016101328374741629909095e-19 2.0545911121165575452309513130669680348527187705917899663122e-44 -2.06983772044603278340108006366195939979659029245201739872655e-36
S1_120 0 243 -0.74994111212646375 0.013055511619963357 8.34462120828810005526421127963315185413484265097849856829271e-12 0.009261511045381969065015681508157285861670970916748046875 1 -6.6e-37 0 5.16474300611543213601226492922453987489598462861638353423736e-28 2.55162650114846431407470174785233800289539902515740599567295e-19 -4.09628918773588568705808976386424974121760074273197062927938e-44 -2.00508595852436911396360870996175505216914653716061611004778e-35
S1_121 0 245 -0.74994207842012484 0.012947893150301187 8.07204812583548134745329926832539159387014393587378435768187e-12 0.00925759563678074832993036835659950156696140766143798828125 1 -6.6e-37 0 7.42994443128371640275966435189498283149028317244165635396658e-28 -7.05720487069561477198420929788828314553937374451381180431864e-19 -1.43444240254942832563534070578164813733389080351745636962762e-44 4.72768589838576295835085789649208194735904088479309413918791e-35
S1_122 0 247 -0.74994302112052158 0.012842034459900505 7.81051262596411728120805986166064996574498469072977968608029e-12 0.00925374396438961681343737808447258430533111095428466796875 1 -6.6e-37 0 7.61951676659618269659961949125823666139229403074025630270133e-29 8.1474843994289502235860412415415003593701202005785181291253e-19 -5.43389641286411143724583097352823965207132946222064513950463e-45 -4.34201094466594912461784613554138306071672604981654923561955e-35
S1_123 0 249 -0.74994394098962536 0.012737892733523166 7.5594827470902770724101201540672911698137692582122326712124e-12 0.00924995448726610887402177496596777928061783313751220703125 1 -6.6e-37 0 7.19879753901398534935939146854015767461257683216884408225036e-28 -1.69373598114588254958495175342168378168195606561969874387374e-19 -4.18182102431066584459220787191984892568159411213881232228229e-44 -1.81347611931207793099922451882405880002631224563913236373903e-36
S1_124 0 251 -0.74994483875888918 0.012635426533722034 7.31845619618309232091657882875732413219260763526108348742127e-12 0.00924622571365445178326325503803673200309276580810546875 1 -6.6e-37 0 4.83317371368360971219134723288877206967209393525749656857628e-28 5.39734378741727779344387593270992862884417762161896880979128e-19 1.8252493775515371150022586709078017700106624305658571894169e-44 4.3517699536814674197150338554557555877659621926801584018118e-35
S1_125 0 253 -0.74994571513070307 0.012534595745859994 7.08695847292414608038881725908411744058179593253044004086405e-12 0.00924255619904218971016884864866369753144681453704833984375 1 -6.6e-37 0 1.30127355056443410876381968837061403679905363136196883401779e-28 5.78929247898044419412459000902319721793061752194428171494622e-19 -3.84383232465907242351619011299467345158904296952482620392369e-45 4.77876866068434253899452627277069297508754200397431870623262e-35
S1_126 0 255 -0.7499465707797689 0.012435361525741056 6.86454112623033139195528049886030699539701815936609818891156e-12 0.00923894454430802813948986340619740076363086700439453125 1 -6.6e-37 0 -1.64731160090335059946997340434504433211277323235582600999783e-28 2.26243394835952584833738475640549981627929432213052547868959e-19 4.50605859895297782983407953547829811894835932647253023762743e-45 7.20318932508505208619600420864399638479914908584274674298089e-36
S1_127 0 257 -0.74994740635440038 0.012337686249709851 6.65078013284455495133652994532560476844545993557744623103645e-12 0.0092353893939559859871391012120511732064187526702880859375 1 -6.6e-37 0 -3.91578876576600989078387330072857451069301600229599284479185e-28 -3.82200936626988475519412075754917641042401462549767555271218e-19 -1.57489523917900387207168859206030465499747035918411047430263e-44 -1.97416694581756873255059566287750895028421312857282663552051e-35
S1_128 0 259 -0.74994822247775184 0.01224153346708489 6.44527438857283040280499470750162854890824570830432094226126e-12 0.00923188943443119421072839969610868138261139392852783203125 1 -6.6e-37 0 9.61431638440840326740308620718701246393161426013817216931346e-29 -6.03117000777482003658534615542956427281710482614970458142833e-19 -1.72436212914764433633505236139874035101200629173939842106626e-45 -3.01203051932300089270270087807190520904106174777205579930753e-35
S1_129 0 261 -0.74994901974898076 0.012146867854799183 6.24764430353995566273450175301470575685985897607110928220209e-12 0.00922844339251298328985484431541408412158489227294921875 1 -6.7e-37 0 -9.32976000634420653567880535926756877348739025577399605493639e-29 -2.65643218842128780925617986911537277305920310280023480947742e-19 2.77659302510286103311691832238532802652998258713389350224823e-45 1.06220719642020433113409830382462125372271127055563726507199e-36
S1_130 0 263 -0.74994979874434886 0.012053655174129664 6.05753049355723462672395940104756815319797524921341391745955e-12 0.00922505003378115868983844194417542894370853900909423828125 1 -6.7e-37 0 -1.93191836469192635488792882494232246796195002273466025051446e-28 -2.02619945652886148015670496301020736495428791048984394108923e-19 3.97206239940037069948754720536636582037191002306091430804598e-45 -2.56891869182235264105403188094044245368494889317058781652027e-36
S1_131 0 265 -0.74995056001826377 0.011961862229404013 5.87459256035173215704227873633404559579329617946541475248523e-12 0.00922170816115160975334763548971750424243509769439697265625 1 -6.7e-37 0 3.7399788978426751606325145075777074841859920067172646176472e-28 -4.95760993409025213245449616053856587363845819333644637100234e-19 -1.77555164703020733865745852138764729468235905424970885970446e-44 4.75090661391836817685427261521017079197562613579606483775778e-35
S1_132 0 267 -0.74995130410426636 0.011871456828580292 5.69850795400361085951724645188592077889311315885834119399078e-12 0.00921841661347763165201829593797810957767069339752197265625 1 -6.7e-37 0 3.83052780640202009547336008481744898997770263590255215349919e-28 8.40911359278889649323766624493234207816265582167378775726996e-19 -1.09338619648624561887480544499787680802594646162778277227473e-44 -2.28700580275931470547041331704189538046670355750711851929942e-35
S1_133 0 269 -0.74995203151596601 0.011782407745600992 5.52897091148194760131837077383466208437695632582631333207246e-12 0.0092151742642135603400532772866426967084407806396484375 1 -6.7e-37 0 1.01986731864422402515588763725713055425771329506636622743314e-28 7.72465604194072338956299958114192077410653305405580386269054e-20 -1.07130012819912780944127586717867345905563519958190226639999e-45 -3.34981152936962275734812832648477601408172059419684020153213e-36
S1_134 0 271 -0.74995274274792789 0.011694684684429024 5.36569146566515690062803821805796915429820348464318158221431e-12 0.0092119800201374835157963616438792087137699127197265625 1 -6.7e-37 0 -1.1726018216880724564747510662307476501765748264127802683519e-29 -6.09270552504233238366721998690501678143387884554603873416001e-19 3.14042690266919834723778171437969022782407732353671645149706e-46 1.81962545832473558079745585509086467374476410806100727473597e-35
S1_135 0 273 -0.74995343827651417 0.011608258244678628 5.20839451968429865139001516419285089595780924298651370918378e-12 0.0092088328201300438669019143844707286916673183441162109375 1 -6.7e-37 0 -1.86842985104686132124374583400245590433798688903863705947686e-28 2.58703218328714511886648062224041294332279716439355367330055e-19 -9.03688711617731922696307070250164044623459566360642190329072e-45 -1.0077130337479835482295316146607081500080302236025141257059e-36
S1_136 0 275 -0.74995411856068206 0.011523099888759287 5.05681898184027926803917813607032764530724300300335016800091e-12 0.00920573163400646710119445970121887512505054473876953125 1 -6.7e-37 0 1.6386648355772551128998324179081418188516120865814567826841e-28 -2.90322109740178200061166453332891945533509029255564318043603e-19 -1.10283608815900520035860178165319378606807724826261995027435e-44 -8.35790382046876210460321246305111952930308321303855375831841e-36
S1_137 0 277 -0.74995478404274118 0.011439181910455485 4.91071695672295501619090323517082485003937275536145534715615e-12 0.00920267546139912073765998457020032219588756561279296875 1 -6.7e-37 0 -4.0158948283855811655502956490138114629798958804323038865832e-28 7.12888113599878025463196304625235475989814248662227759434362e-19 -1.514006367124068582824747946580419417443976481583675859318e-44 -2.53747683754867099634380173815044776334563680364252572914761e-35
S1_138 0 279 -0.74995543514907381 0.011356477404869654 4.76985298850470821786879546240379317608576448250801149697509e-12 0.00919966333068811085993399245808177511207759380340576171875 1 -6.7e-37 0 1.82429044484966314770412268722113215813349065114208689175245e-28 -7.41046338386153299790727396875794139170663007761714077912402e-20 1.04641712406823852675289537869017448985225853941226432520001e-44 -4.77926441251393954859772628179657875090311447698474239916619e-36
S1_139 0 281 -0.74995607229081762 0.011274960239659786 4.63400335269626968525902509397424366630047209980602929135785e-12 0.00919669429797748301524951131113994051702320575714111328125 1 -6.7e-37 0 -1.91780285478826735054228660291337753041795414098830886628205e-28 4.56428581810799247641282032106428776402908655857618104231821e-19 1.0144111348017903922902268749180505385589037459225731691639e-45 -2.63546499470063258552470707525370483360279843621566750216919e-35
S1_140 0 283 -0.74995669586451519 0.011194605027507116 4.50295539294096646639281456394621487495516509724780007672962e-12 0.00919376744611482589475404125778368324972689151763916015625 1 -6.7e-37 0 -3.85638925877943213906953754971096821039075993149298713103991e-28 -8.09093688545776871930936533212992802006798426030139683926001e-19 -5.29438237139062621558609078294378788158807420548561806903118e-45 4.75166845153453588334970691842599890004844779376521543884868e-35
S1_141 0 285 -0.74995730625273183 0.01111538709975295 4.37650689968780730087459403032101325735359065305374315357767e-12 0.0091908818837521007172330911316748824901878833770751953125 1 -6.7e-37 0 -2.58789835981792339217319642066413505807000158270587917257645e-28 -1.31171591692535057995428450469119051932363240531194132753451e-19 -1.91929610414749218118593913071130638153773127454925399132704e-44 4.91689004738649334417964470048493176341871743733660107630155e-36
S1_142 0 287 -0.74995790382464245 0.011037282481147097 4.25446552782587352610880741743949154561044156963589557562955e-12 0.00918803674444573954815940197704549063928425312042236328125 1 -6.7e-37 0 4.83183799191460400409255580952591321544517274485613201859782e-30 8.32424794054237455439799389983339244387649687908071853559289e-19 4.25500359480965493063415719697637868296723492635200674056536e-47 -4.4296250981757591573709317513702923231047469291168711838214e-35
S1_143 0 289 -0.74995848893658978 0.010960267865653612 4.13664825058450927532138043608870507216596079658188500616234e-12 0.0091852311857940731332217154658792424015700817108154296875 1 -6.7e-37 0 2.16060774651787273112972130506176617469155349120834100051619e-28 -2.19483385103204787071788667444117726226718793197927731553065e-19 -4.02658601020106931995980255256768462951560491697537509287994e-45 -1.69548072402610707102250392783602484015795897708197116987881e-35
S1_144 0 291 -0.74995906193261686 0.010884320593262579 4.02288084720750368906801377184299158430019760501750170078594e-12 0.00918246438861031015477021099968624184839427471160888671875 1 -6.7e-37 0 2.80946371233232986149701747944277053195295976356481851025308e-29 4.58875667213873235580255598647927804274172788774339547951397e-19 -1.11614791305710137537309768600300466781944619037578216537064e-45 -3.21593575944110025136109822948217883439435680155126130824873e-35
S1_145 0 293 -0.749959623144972 0.010809418627759424 3.91299742209648307530227741093151010154382873906797613017261e-12 0.009179735556129393903024293877024319954216480255126953125 1 -6.7e-37 0 -2.86923120183612124000061017140803225583882709780362769540579e-28 -2.83673895081105619523452034077961510923317786565008968152624e-19 2.00774682696634562724030327271408824887379273175947138321807e-44 9.59929947169837583175688041622397687096156187746021356392706e-36
S1_146 0 295 -0.74996017289459149 0.010735540535405973 3.80683995329055268373379823658005853374841631620029147597961e-12 0.00917704391324708664001708058322037686593830585479736328125 1 -6.7e-37 0 -6.38222236136606053161687851731799107493497147905645676481335e-29 7.25607345493272477327513495137284995449901410949984821574521e-19 2.83978102860759473619263102350821377505453110871011261057164e-45 -2.74662941961113297564276550940782205043733022726976161128724e-35
S1_147 0 297 -0.74996071149155841 0.010662665464489915 3.70425786830716675062260980412966063311103193100848329777364e-12 0.00917438870578981581493938080029693082906305789947509765625 1 -6.7e-37 0 2.56062054410369419273102075209650434778357175396497407039703e-28 4.15127755171656338522152070173698449199082268369276533560852e-19 -1.50713006354668666339974261200404846934110425839197754178513e-44 -2.20559887485261398585043540001926353495091878839976754437754e-35
S1_148 0 299 -0.74996123923554014 0.010590773125701683 3.60510764551447058340290575231477221808742972264383297442691e-12 0.0091717691998137972075877399902310571633279323577880859375 1 -6.7e-37 0 -6.286892875400911037840926752303598553823151265931518458683e-29 -7.93177685002045035177579830966960467230417263528218429699534e-19 -2.43895789430277600853121651823856458413866299515550479116186e-45 -1.37783314988558769367595238032042106644125449685268321206965e-36
S1_149 0 301 -0.74996175641620533 0.010519843773299932 3.50925243933905434831080571814135863261893688580528305465123e-12 0.00916918468093210793645742029411849216558039188385009765625 1 -6.7e-37 0 4.23986422932268574512017880624062900002019923653582405409844e-30 -5.57270234942664940709940814354847792888778888461474543894458e-19 1.40346855896704085450020350405242101557950319330612656791301e-46 -3.45056865181628174591079015790848231073779498839517545396929e-35
S1_150 0 303 -0.74996226331362192 0.010449858187028932 3.41656172773617000276119592630976048389795929338674795872066e-12 0.00916663445366841349304376507234337623231112957000732421875 1 -6.7e-37 0 1.26425722522966296704285612963547096586752388182139129183146e-28 -6.98532407834541722357384242603153990411019320098040194522149e-19 1.10355366393479618962968885940570612291872361794865496639559e-44 2.78911737558219308033334036888714887120714466482345988758125e-35
S1_151 0 305 -0.74996276019863639 0.010380797654753037 3.32691098046287016477265035929983244935084774063227541773813e-12 0.00916411784083611020979009964548822608776390552520751953125 1 -6.7e-37 0 2.61852725197129526179711207559253670469785585569838019746392e-29 -8.06564778760526305816870396168262101077282088318809363108874e-19 4.77611664201330728769803325617736308756216271108594069885997e-46 -5.12884390767178459004710384701671382573903461660174751115548e-36
S1_152 0 307 -0.74996324733323527 0.010312643955775316 3.24018134679910305132917460245215129747975435492435281048529e-12 0.00916163418294174518308192745053020189516246318817138671875 1 -6.7e-37 0 -1.11140383995720963992008052043721196170970620208737120408547e-28 5.05791250634976091517497330527916748700824421653256604547444e-19 2.22917862078304769712151232886151970754592937796025654112064e-45 -1.38869832654138933534966723737152372569068077631535832688059e-35
S1_153 0 309 -0.7499637249708917 0.010245379344809062 3.15625936145823403307348303884328452910065787584414920274867e-12 0.00915918283761161210188017633981871767900884151458740234375 1 -6.7e-37 0 1.16294179604649768667154729065392807842148131963524482945824e-29 -4.86833228922374773758669801914073745668142462501605798475685e-20 -2.96571658329340558254495748170709706262277873170644088501156e-46 -3.26194730420943043836395671710090556649448442312003697146576e-38
S1_154 0 311 -0.74996419335689424 0.010178986536572589 3.07503666751746704793266517541066164091734247421072723227553e-12 0.00915676317904046133122619721689261496067047119140625 1 -6.7e-37 0 -1.84747929966465731958674840634454586260276263687056000875322e-28 -7.59393821310421443439710937476449492830794519399143253576834e-19 -1.08619346844021701082881866879405444979647137045946902471807e-44 -2.01462493179266537727723907670392062565547320767141686710543e-35
S1_155 0 313 -0.74996465272866264 0.010113448690979219 2.99640975528081595584254561749027400384404185018638600013219e-12 0.00915437459746136494853629983481368981301784515380859375 1 -6.7e-37 0 1.68658907267151054454997541149687854175334957754399781948282e-28 5.83205310757060663941994143261966801367618092990564339361814e-19 3.18696363277474026285823470592683453997629132856487147898184e-45 3.16797759873442077627647437992102432648514924373913241932398e-35
S1_156 0 315 -0.74996510331604882 0.01004874939889578 2.92027971606321053151391328706236254729444734579146825126372e-12 0.00915201649863578610422099046672883559949696063995361328125 1 -6.7e-37 0 -6.89621280021627530633742938425026136044399757714094605455587e-29 -4.05805960371569980652853623158284141761250602014447650062526e-20 4.15676289734034502194859938045126308452168545226191346356368e-45 -1.23038586255491578013471667053507255715308303218670102690267e-36
S1_157 0 317 -0.74996554534162396 0.0099848726684443508 2.84655200995447502840203177388506193632583540775726760330144e-12 0.00914968830336294024208054764812914072535932064056396484375 1 -6.7e-37 0 -1.77545822764362509880923402524635422013530568158332429783193e-29 -7.84897318915947896345074287878200640095191934729739347692545e-19 1.22628040664164604195043301256368638163639532851280122514829e-45 2.97074898024277129382599256122730325538331726893146843651239e-36
S1_158 0 319 -0.74996597902095441 0.009921802911823192 2.77513624668684284719058591801248809475405332491959597973619e-12 0.009147389447007638063613654821892851032316684722900390625 1 -6.7e-37 0 1.63155334717097398752768895601228850932299255104143975092374e-28 2.99219148412270842169893237549485432124026344257299047692256e-19 -7.34721112349663915646310788938503037892819203875105769576794e-45 1.82518621417266570206046865662172842550022050944615341957502e-35
S1_159 0 321 -0.7499664045628639 0.0098595249326240784 2.70594597878969273140281531969356814976840341913089105219115e-12 0.00914511937904578797731147687954944558441638946533203125 1 -6.7e-37 0 -1.37777621398619035766454299310448744858997524548888445610568e-28 -7.70285627808282078849539453472192267525161245271281837757038e-19 -6.32451632003668573024590278154004900666674292926229827997341e-45 4.76117236563725574971072751941107040884010879298448795568145e-35
S1_160 0 323 -0.74996682216968535 0.0097980239136243423 2.63889850627079194006871693587795252257041656029912246594904e-12 0.00914287756262677220320256310515105724334716796875 1 -6.7e-37 0 -1.03788349616785326039468159148127308588683667332226750385764e-28 7.26928445143832256513166259274904656587331778777453291512378e-19 9.53630262621327941824836529311452600119233015078835463422288e-45 2.88962240265592778682902719844356662026060911294042719394667e-35
S1_181 0 365 -0.74997405943600337 0.008663212652387009 1.6109846192210305967076336934895336872736182343146538187284e-12 0.00910150012041982363342196293842789600603282451629638671875 1 -6.7e-37 0 -2.48071676168551680515255386759213644986133764168325271594696e-29 3.10490728799385193941759663730856453009810246826409476771785e-20 6.53432852198632273815844786234045162957374706823612148060169e-46 2.34333215412898691783915105029112521254691194652907446381702e-37
S1_215 0 433 -0.74998160233655398 0.0072952262681254872 8.08953184038231186864978485089957928647584617376509186215117e-13 0.00905159474123734368589122567527738283388316631317138671875 1 -6.7e-37 0 1.3212353109874675327240115425844272216539697414440642654542e-29 -3.93390681410781741704313701052406440719743670619512024462516e-19 4.03611350468591298800737154411654401563099704467704891675065e-46 7.31584499434366823796507319367600019932934157361441530845524e-36
S1_256 0 515 -0.7499870156266002 0.0061282935527400273 4.02344274376884273208515314339472531410864947210015429845953e-13 0.00900900584904747690762061296254614717327058315277099609375 1 -6.6e-37 0 -2.3519536166226075806850899666998803504231620020851833849858e-29 -3.26349621376209496750529686883205780603147614991443436344154e-19 5.4546985578419606558933191575447309170232176769091347106086e-46 1.26386255621741867834410607886901266825679637035336491800127e-35
S1_304 0 611 -0.74999078761236382 0.0051616770262467963 2.02282097083738246208442931526545674193436410992497087590891e-13 0.00897371795829718550685516476050906931050121784210205078125 1 -6.6e-37 0 -1.10082826960815516646975108169098220472600805994902674597833e-29 1.38871054380472533705460621160692779737868362883543185519464e-19 -5.64820904678379982561098704353335149453109970353490106147978e-46 -6.86836856380434498458840286715927051558262659644602195145296e-36
S1_362 0 727 -0.7499935003441186 0.0043353933256424617 1.00582415469798614473290290289628298064147221557718125950487e-13 0.00894354778318251324165100157870256225578486919403076171875 1 -6.5e-37 0 -3.448152047238040999306059702897205624989583886409889578879e-30 -1.04788905317112419763912898971348799906157419989551879456816e-19 8.95097337215696891545888437510577040513770691020280987810776e-47 5.01516093371929764742963992980128564399261996665172168544416e-36
S1_431 0 865 -0.74999541317817908 0.0036418400769073129 5.00453444869519574084898626041495021501731739477225602286126e-14 0.008918221204239469568353371187185985036194324493408203125 1 -6.5e-37 0 -2.46626194975710145151939065929310956403926257118006848269483e-30 8.47990878647772424678519792423357516959774616336460110327389e-19 7.57598665416209802170588896714366504395224389240974132391948e-48 4.58938972779221456581888277660084738062810645414190698371826e-35
S1_512 0 1027 -0.74999674868463273 0.0030660478456175726 2.51258716730734110376877402747729819244100132880070930241345e-14 0.00889719356440791565854286915282500558532774448394775390625 1 -6.4e-37 0 4.83231966885531487083973233076025661358048578817682164180071e-31 1.78034293069674646333644302434620340473095241433794085408882e-19 -4.06530859173163281437894598804930150902399544301689432091272e-47 1.1876144836035347142496072007590149456221717926383788580117e-35
S1_609 0 1221 -0.74999770132628885 0.0025779509530848422 1.25507381085216940323699834379832134366184728455073660313701e-14 0.0088793678991403723887998467034776695072650909423828125 1 -6.4e-37 0 -1.39918902150728499640037081576620001563386975119182102797805e-31 -7.69772200421457693846650602009625375149150388108212255192098e-19 6.0462130338679820753395074527448614285477034407667256317596e-48 -4.24035270707239084417587354411402712420728244377815868514511e-35
S1_724 0 1451 -0.74999837321637142 0.002168650195933138 6.28247158706522544127227208714256540893715579504386070652799e-15 0.00886441969930123509213704124931609840132296085357666015625 1 -6.3e-37 0 -2.51598879697664478559366123061642734409698387211908729012964e-31 -5.4089162516476512961754131949397447651893644492103181524445e-19 5.88257017347223968634692234544443081348220514991604314369795e-48 3.76554086528569753087572779922639365518437544304730708435369e-35
S1_861 0 1725 -0.74999884951506834 0.0018237083487748934 3.14069775364082810468792709219126075749579300559755079547131e-15 0.0088518219319896722374618747153363074176013469696044921875 1 -6.3e-37 0 -5.7372325705182033949389948361151028223059425878551136490688e-32 2.81663160880675952218790572184664362752017389208736590153204e-19 2.7724545268792645794942540537989836259038355987672333504216e-48 -2.40288712826240447508571516347993046876046347434767151873812e-35
S1_1024 0 2051 -0.74999918650467212 0.0015335015703197229 1.56963829743792918238624839873480915327031348302511126746595e-15 0.00884122321250133992587283415787169360555708408355712890625 1 -6.2e-37 0 -1.36403775476980374152442343226966140053513100633920706819584e-32 -4.98212196766956665461549301169571027416277132370583642997919e-19 -4.1600714621046017015530787275693690313549765906356490944526e-49 3.66975256558183610383018074444630642385661371661675911967568e-35
S1_1218 0 2439 -0.749999424934231 0.00128931335071417 7.84109544540402259062309005317418814953283863825039823325369e-16 0.00883230522451251658100357389002965646795928478240966796875 1 -5.3e-37 0 6.14190379140170207835278724754191838094425657776476959236816e-33 5.63094779328716562094092690139870574537324365601133422526425e-19 1.53779438011626311984421984521818717275249346831895387248501e-49 3.46900729339826147558158634573987597528503512654811990895814e-37
S1_1448 0 2899 -0.74999959306696617 0.0010845643185604047 3.92521314605529834319394302722443709556562858398534587855977e-16 0.008824827672224498653630320177398971281945705413818359375 1 -4.4e-37 0 1.16763503316970486576833599832198914989128641039795374260868e-32 -6.78218828781629983641045145111572802392654643295551468093474e-19 9.3619103895161669958073693162231680463149803654713977223105e-50 3.53036162681098412943408642910304932300089553224673762679439e-36
S1_1722 0 3447 -0.74999971223745554 0.00091202341709367652 1.96236939010907972873594209843818742811156515112522291666153e-16 0.00881852645039155925987817141731284209527075290679931640625 1 -1.0e-36 0 -1.20143063772689677524928818914460111832426785710437679494286e-33 7.11589317410364515965388996353187853171639969457524556306627e-19 6.07883643044505619638299360125462788391182028750069114504335e-50 -3.45607056605533174416446433394949353024684920700835737017328e-35
S1_2048 0 4099 -0.74999979654200555 0.00076687049182916193 9.80783343893672400285387716221847672164643717161724989495042e-17 0.00881322550128841274152957652177065028809010982513427734375 1 1.7e-36 0 2.19059971755187001603469189841182790651723140489553191951426e-33 -6.21138127015564345558146726760852975418422606512352515326092e-19 -1.28333301061406301404356169286303117089641587307820500225435e-49 -3.05453923837130456358515487495822353117322765682304329953812e-35
